32
1000
337253
27629
783210
132260
743076
284779
384305
907363
607963
102927
10799
40851
456147
489054
149911
882361
909387
859248
165900
111805
823469
855162
556381
747458
131747
700920
755247
367463
561923
52151
458232
927834
163558
440572
553895
684052
977366
376917
760866
532341
339109
628154
744551
291836
40987
837918
39764
738210
832263
416920
863170
670036
936566
232041
559755
433484
539266
127593
760236
415179
19777
917203
808454
851701
291935
414377
150847
442824
744454
98565
834309
53050
231801
367806
709811
211631
862720
620403
675724
744404
542462
945975
795043
51867
880798
247961
663325
237075
257580
322062
800015
901922
820096
486781
456961
799458
93524
655783
909396
460182
415159
260658
846719
586952
189787
633937
836789
305536
41672
957329
968099
191715
442419
835777
248789
161829
862378
579071
28856
385068
816678
490331
147706
279619
424771
244331
676366
679159
979467
28139
151947
815506
571950
501646
901044
652145
59918
34021
206098
394244
269687
838315
198718
679586
67628
200363
68283
903559
255900
328206
15935
55595
118132
405509
227154
677759
397006
376399
172112
398278
488710
786023
694857
16078
555821
1934
558983
382987
659735
171760
106095
241870
546575
172661
14592
61607
130155
271335
274297
1748
635770
151035
940183
656228
988953
580990
259580
558252
94757
65693
745067
378597
75530
689233
403120
385441
319610
199013
449693
727912
842106
633445
769710
29363
298710
50917
933262
608964
485621
763051
217971
199584
272391
672058
33316
406186
257883
436604
976986
472094
813452
283979
427908
290790
305883
639836
476197
600028
551577
114312
16665
527901
436859
27512
918133
440902
432272
311789
774603
107918
961678
24234
107405
311872
867656
997694
830537
735507
514172
552369
529682
914407
603464
375691
229567
495839
204413
714939
683533
214037
425548
713451
726368
413630
811229
80734
951270
79324
866751
254338
538908
273370
175353
612824
583787
817159
238847
453820
603178
857458
839745
784403
878791
314014
536861
526929
98751
222498
493940
591717
167690
267168
235801
231041
931413
746783
725542
16521
108583
109000
454057
106455
440357
449274
179196
362921
154289
305546
921714
904040
153260
674266
772909
599253
579100
605012
616205
508818
397417
418884
18307
48011
909762
429648
723907
77951
64669
314644
291352
440815
178587
129630
926929
704033
190537
174211
998169
816465
674499
334684
525732
743349
908019
503264
663686
172268
948791
449247
263454
404354
527905
823769
508655
757090
696983
197433
610447
327577
684123
36145
290232
444674
146021
761139
585787
410068
502764
582857
191573
819972
654917
821329
8538
668760
670690
489177
907854
704394
564091
622547
221971
511509
586377
261045
598460
190687
236271
591983
465855
137410
266932
904842
562313
279864
936747
524890
243820
277155
813748
672607
658548
584119
649691
226622
964183
412741
540445
738711
990858
568420
271627
822915
202160
746174
817096
637547
665645
750772
769964
622792
269785
331375
756107
74162
788177
153029
616656
436007
681575
868163
258754
307995
435897
457437
985769
760566
503519
319023
972234
984687
279614
91887
943949
871427
489273
352178
380416
131345
825352
558679
321140
927445
178785
884756
987205
81471
242386
240027
171959
793903
490608
385704
413180
155664
968425
130154
90643
994702
279222
12043
103882
129077
369453
816606
720036
786023
582259
882212
19733
599738
913295
87419
408426
403372
178713
118948
900357
665347
5777
753455
678086
331078
459340
459781
156806
938897
560904
3090
513341
363161
717409
196173
543235
479101
531805
714981
570740
600836
507361
133002
656620
210425
488967
189716
102961
500768
363719
184340
952432
303444
796562
615862
180768
945662
700797
178831
435267
975540
47834
52105
223883
170028
714019
163048
135129
378587
749712
882936
381920
254638
581000
384085
172328
776036
411187
681815
293231
827334
452782
383832
445354
859908
965848
866019
802217
308590
969737
877050
595160
68171
30371
824900
605985
419673
603200
428689
57583
885218
305035
451275
198990
192120
781995
976380
182894
762765
400793
290294
841095
192177
161746
235427
54550
920680
759144
121833
239365
152615
139892
99705
518248
775787
331046
449717
15652
669751
139517
562364
930538
555624
502545
679315
603617
354422
671181
808817
680482
584137
593915
572903
625565
765301
263864
826410
724504
656596
873094
678206
905432
788799
870592
841089
525528
939625
81064
292754
261942
256215
203101
177948
253805
112832
43816
365059
317245
529661
920373
494889
890343
19820
278622
267805
732500
159911
825955
4705
797142
537884
532918
243286
300038
853897
982579
411398
982283
688599
959981
529358
555516
991951
518628
535270
275805
770621
792722
19406
256902
674464
806948
215255
673890
886858
458630
584140
728274
793819
362007
280059
990961
412948
995900
858723
382387
932378
23184
707067
58534
502666
67961
527453
379355
721075
580886
402061
420446
923892
419668
193386
948640
431987
834144
484976
147382
417719
633079
953704
497594
559203
64281
78765
645711
602064
673691
843867
845955
180421
958940
462869
386701
468374
532176
497587
892661
379542
208632
460487
883155
594042
339314
765642
393263
653643
964140
649512
166856
341703
887028
789349
132592
189717
370091
708202
752404
740900
935385
956656
527066
889951
639322
521928
743843
559630
164021
504260
126127
460492
108813
941574
981280
109537
494320
252131
224279
215419
715212
524275
323003
673166
845186
442871
935128
648517
285971
256679
281571
57187
692920
643864
780380
701819
322510
505735
245580
947144
817773
325637
808494
306026
716249
484094
477418
57854
47057
10663
834492
707096
616965
919556
573363
752160
707429
496659
986710
631878
916693
555928
845921
175203
667260
475334
308397
144557
70396
469383
401069
12951
963580
543720
984468
548995
43680
443364
853333
570725
302874
696588
860226
514165
398810
54287
868118
861072
311073
574956
249870
930220
751667
177009
144881
124470
404203
118510
637745
240522
140200
669371
810474
811854
249317
515619
263943
766764
225511
686124
491396
815338
57679
966148
85133
739943
536527
789770
125766
257204
725882
972533
818916
68236
221619
456165
580024
359921
520007
529668
951372
52069
212631
55001
239846
303363
440302
673385
797161
154168
137329
188170
192155
786144
275188
300165
119874
520385
630185
686823
555239
199582
843123
933797
218492
384185
979929
135849
430361
182505
16789
750845
632930
327827
616652
519507
658629
899720
315161
90478
430240
604667
611010
601713
311999
851677
90380
853378
148547
113687
976619
13723
746142
875363
79121
585773
237050
675720
486951
388528
35001
491376
89369
792652
552599
474535
37964
842077
883500
398898
325099
925863
619343
294346
921823
756310
8020
601972
109917
325999
901941
29758
685849
963097
785294
353175
974744
168706
873538
866636
704547
488367
953916
936539
838359
704548
679568
694390
576921
356908
54015
233685
856488
69318
976153
543288
707595
547756
331901
418296
202281
664705
181180
352713
763127
335958
108700
919695
491147
822425
400760
338265
740752
578266
848645
115646
