32
1000
764092
732881
807047
491309
199922
392276
138935
975657
673998
216498
781297
79259
532215
307009
355193
494434
389504
171722
764437
227265
385627
171482
832016
572476
559723
188325
964763
278869
341495
822808
761359
699299
115066
388922
41678
457099
792727
856445
344391
865886
438121
290535
159831
652751
993849
438680
282381
442319
625929
399479
579654
98119
763661
226685
544567
218225
991929
629918
818825
993876
773813
499663
461791
382362
421934
443000
101811
312015
101702
520632
340446
105336
119275
570511
182
915854
765893
913453
742993
281174
304009
27092
645032
480030
114411
710124
79064
835861
478384
840291
481985
700167
932129
449662
193233
977525
954715
761793
566107
548941
706500
632823
471521
241035
188632
556831
8177
437548
83105
276659
807850
796042
82437
453462
581472
745113
947705
470745
142101
355452
880340
752233
144232
88965
192126
212121
896586
595400
691655
869768
759402
139226
935444
980527
876531
339947
450932
306377
868011
806013
751824
263327
127740
8192
50369
673455
91216
225932
766844
418040
344789
186874
43432
453989
382944
41504
266640
133012
924717
720871
593524
194689
171653
546634
338362
912340
402680
939116
575682
156675
563210
433750
354967
812389
754602
833165
558977
510421
644253
32524
274679
398527
849146
901155
169265
894410
710862
449772
877980
580898
72159
174629
205863
497120
10766
328495
995963
762969
707350
217250
908103
523904
201521
767435
212665
406904
69913
523075
931720
616187
555052
287917
221742
346592
811880
553227
435763
820300
949846
156285
925989
294392
288580
795288
749220
3738
689642
58975
472985
939891
577326
129569
850695
804020
856643
422318
258618
926158
463980
314871
82587
202389
962527
243457
318117
386127
178052
355206
542706
433055
394269
427688
638959
661449
824767
682003
249903
528417
348990
421294
993435
668181
83303
313149
393734
315027
586854
852182
286558
209304
671496
928253
333182
473879
233051
263583
172897
624770
370226
892967
826162
179383
865605
416577
187583
130186
578741
706729
511563
395243
896108
105711
226882
109556
853603
792009
830855
826002
313853
780308
596073
843469
276241
720489
719541
956981
266693
592280
297381
480683
294805
693252
363510
810377
589363
837019
379863
100591
292617
521583
159997
349291
46746
392822
845908
525124
117766
648923
688975
127267
231340
682366
426784
532575
806633
821711
46852
399011
481215
636162
717622
185598
309266
915823
680067
58311
799692
948426
270013
365995
982303
835834
110537
138517
915626
26264
178260
812344
32885
333445
647074
154620
8407
644776
373638
108867
680311
247235
303086
177110
575407
963825
585302
304049
793996
781694
929949
549095
846194
367586
848309
649907
701597
769756
10547
828701
577346
254376
662854
700165
648979
2076
316484
252816
718882
660517
106912
837740
92381
88472
984056
598465
257591
272759
397963
396149
463016
708163
64072
463260
413962
254456
161281
12731
186276
412714
137214
527863
659588
259386
818734
638495
706181
43701
428281
993107
369265
849481
491569
234447
269055
197220
97510
389720
204413
621611
701208
827393
632137
696275
635911
687322
762169
31776
414759
33718
538267
941752
270448
523608
906710
592035
115985
25722
38255
506338
496644
417465
218024
148968
44029
625056
730370
399481
725820
45071
213732
728094
47426
525767
676948
294274
45344
975317
657633
289133
670762
797401
567779
977114
21067
280883
390106
608182
843250
967049
873332
905400
791210
614838
242539
314263
821000
899154
434634
235373
751357
200026
260751
754278
658507
82108
611756
944292
871189
986242
228840
704499
978190
138904
561059
530980
199508
270907
41782
394504
779093
534400
740984
737035
719983
593279
881054
552874
645718
777882
801146
679506
493294
158189
42596
484567
90361
150612
178486
388685
223594
233555
547632
855879
966552
177382
640700
127722
509006
791334
416461
728876
474431
942677
629345
405678
750167
902342
340517
305332
184492
953580
196407
485565
736019
149373
844358
311171
52368
225282
670997
943249
537957
106814
647711
344764
4299
657400
198741
550079
828351
68519
711491
882679
789747
678522
912080
536567
510629
747585
793892
757769
942413
228411
847652
929602
472752
871549
730072
579585
614162
363707
785710
248324
35848
190902
754456
776998
885611
578434
824208
756857
400873
769267
564347
621308
527029
774371
525419
506233
530399
208163
77951
984702
658430
328380
154469
661173
622537
378592
800448
356002
698181
992434
560484
17593
111129
657391
467902
891930
303805
566903
852497
877482
547601
925500
624283
530255
865546
289734
235158
357959
675143
946528
247834
339942
390657
43363
911392
469546
978785
22940
612001
5692
410476
954013
536028
715718
866713
437149
607991
647083
212932
601740
278397
508904
253947
235704
901574
408581
826932
519509
415348
647799
186977
668396
730201
445013
295388
264547
993974
772213
647549
842149
244703
676963
591883
955757
874746
684605
445711
563188
562022
65582
681668
966133
36216
925829
313258
615769
309152
151473
158586
24005
688042
381211
905907
878588
784096
876640
932819
896945
406798
887658
586529
614829
465630
112426
338279
358297
185761
263923
193086
680297
843438
810166
282561
36453
414629
724118
892963
388245
47245
569383
115549
157065
689179
109192
127295
485250
44052
66202
233768
930944
762249
30428
764625
680617
541121
365861
675779
751379
470901
327549
611689
306670
22005
650776
6272
813713
420392
312111
592170
106527
729456
245308
660706
128470
728236
533267
190027
699956
821847
832856
91233
414726
801102
639521
487632
11278
275758
297321
106915
516624
31580
330605
985301
745977
447070
724134
482244
808557
374886
286052
405507
919340
737391
426756
726990
982687
377792
204558
537177
818885
654030
194029
580225
494517
565887
912715
82852
111247
19976
653705
24332
112131
758263
739736
894150
653309
858573
490679
600465
87020
746947
300617
211122
668270
382125
759634
250724
79194
734844
895246
703597
750825
444574
129710
802444
773953
844992
739632
462415
489440
35315
633241
831937
213217
184620
72082
979199
415086
725734
228764
563564
251587
414754
692722
295738
558298
261518
671290
266985
554553
481220
867879
128845
844500
402345
336686
810183
512351
655094
709922
529174
640373
246547
780718
966278
320286
924255
121263
951750
601088
22541
513644
85271
132069
65896
149490
625889
528677
555190
177232
325152
187952
484923
980588
995131
691642
188181
871169
736821
403715
994308
69238
395900
80194
384140
301211
625375
575662
101043
504642
433565
648680
730917
266424
437464
280968
59192
162207
319721
131394
319113
140777
482829
862964
429509
624755
341564
464
595140
617852
941146
612897
797199
848448
28807
212155
513602
90101
463185
531204
416781
299489
493257
782680
780692
984022
578163
695006
424695
909964
446742
691749
783276
570841
587252
367353
369927
916815
621652
26632
183643
490738
423675
359788
349819
842516
540857
926869
504218
443215
409759
673940
212432
451359
594958
102022
168189
310169
258922
955611
776392
27404
380974
943810
714369
954419
651418
370867
734629
886035
