32
1000
957318
795494
18648
931065
934789
976149
268846
994104
911902
236731
609170
500967
765886
330091
314154
649807
609123
653165
367367
882952
397986
473563
106366
132325
718149
441179
661207
776125
468812
588536
965343
182935
412884
942687
763224
650609
859093
407860
947665
4717
872902
409039
379472
174489
778651
831191
156651
715097
288110
180856
342070
997619
18108
903364
437974
4023
897030
70884
479604
156553
520471
354297
272334
529612
302118
210899
762087
7277
942673
43724
65631
923657
945545
326658
96221
698236
754829
225584
214824
133255
706383
963689
603477
73437
155123
753904
294107
923530
258869
814774
462466
747393
366377
449328
578234
894144
992478
653141
31944
350498
289564
893297
787675
611585
671117
975017
437501
259205
239736
168204
651557
431886
685352
497681
246249
546618
61739
740531
730320
602771
531766
674470
975366
100760
985702
416372
450792
135462
698465
715513
918591
291907
303003
189943
951818
297544
875509
27095
688884
946408
750527
117309
550757
244577
455646
914822
889909
969149
124745
516705
118778
499781
193197
261383
278466
319939
231409
680728
853852
4211
469908
917524
456209
856710
222769
157938
766513
423442
864164
328672
492359
170265
172743
568536
30382
291955
718358
592091
576893
140699
711537
723086
785821
351572
893695
782957
293564
486006
724462
24112
803866
871577
114457
599801
174209
714908
461635
390006
594961
820563
601152
144601
805305
306443
391411
396785
812482
421114
27762
764197
505413
551048
948294
772685
927549
622516
22990
242605
92343
277925
271746
873743
739878
158478
123157
30076
224275
234236
580852
380887
568241
280063
359468
71445
654
404082
996648
433308
959398
249001
564375
398199
986130
286199
328236
342836
676062
923289
618303
595163
527544
429827
196689
639051
643139
272324
210093
707378
85771
63896
32041
540520
572820
808330
388172
63977
948171
634820
321929
510381
616030
118901
458410
941030
364455
565149
153416
603222
156291
214520
323894
566986
265217
414468
455230
798198
837494
891313
273347
410030
107694
736229
734342
330559
230397
858089
305476
742504
949491
387955
360635
512248
49069
209936
241933
976069
552200
420206
871998
503558
111729
275331
333016
464270
959896
512926
566382
417765
539395
625480
871933
441861
79935
701078
705390
11310
670385
695310
253943
330406
556170
975604
244194
959057
979737
574128
400486
268968
73914
942557
765425
58969
520748
244016
446535
482492
249089
528707
262724
716589
121390
541629
771197
236682
92034
312672
43909
512010
327412
774575
748939
676280
176084
49402
16737
146123
729828
293768
216919
493604
755264
89631
14726
531492
232760
907250
728425
651239
890686
469864
53605
219360
27131
581381
487849
546513
35708
863671
613296
198952
15113
250239
125667
200625
210006
725306
873244
169020
406547
919179
67526
641612
344350
672167
469536
543865
176728
708605
761568
378275
301461
777408
377460
666963
530669
392146
256291
471727
264047
506319
495058
479514
24950
528754
326627
665510
394771
223720
308664
281975
155369
706671
977686
981237
873176
386731
606948
252973
73169
407493
369618
334661
173065
652544
895766
516570
81865
469466
190801
754808
58017
220763
45136
271349
83069
342333
353071
966890
192975
381239
697817
782351
484396
104168
276970
85298
853939
446173
931445
906516
202152
908351
37281
618976
521823
381148
663534
34953
979731
261328
254550
203454
86102
735887
399950
725709
619619
929170
311595
429777
356559
546908
818978
6425
754846
389864
350248
637399
764530
353649
81016
844866
609374
903773
894771
393417
266969
77191
957793
694131
148238
67496
424469
959064
220304
366497
3567
397685
641387
382183
771899
733616
20566
480907
226487
753129
193988
787493
651763
627385
401561
209180
603280
533322
466362
524373
622698
21011
791741
266806
597074
29422
207360
417174
728372
927255
508821
450179
453784
154243
818779
293615
883204
151195
617960
88695
599742
302739
557858
54737
717102
390444
457197
708818
659810
6850
934142
933402
182764
321874
549262
113309
402534
767116
293739
241678
412502
21073
694377
635113
147308
914698
45301
346141
442088
417764
161097
543125
490264
896235
251003
97314
372735
68162
479857
127303
982226
279805
403055
248224
403483
363291
69521
31919
568321
545379
496724
460036
497695
631641
634510
669449
498576
841565
956670
585384
496972
717473
893310
470937
45163
260549
808597
572555
656009
364177
640489
993326
403651
717198
530385
119131
293597
270721
592905
658017
108165
323013
11327
941357
15026
231620
169418
786901
121191
683986
791610
57153
838612
398118
339850
298294
30555
725301
639346
100416
703792
205421
751897
362748
511129
821899
556008
53247
308629
670745
555770
845351
472857
381448
233583
912828
499253
369637
473504
848641
935830
669627
630508
355037
961828
384966
663537
307873
896779
672847
647127
784118
482392
247017
609990
71844
324345
597830
317752
781313
312423
89526
251624
763060
564063
530942
180394
97317
874315
830225
723668
179523
822528
109
139290
820145
978657
224789
550584
338638
692640
259686
211528
919967
937060
799129
267955
784731
677063
230996
159236
49427
8182
983213
762584
55357
853628
877308
498930
878364
916760
53915
349419
709645
748490
862205
109382
200239
453677
345320
204897
66352
923326
922128
981704
147633
15482
499345
436132
955413
141222
346505
53777
355563
64488
756561
648205
452853
997331
858262
480396
325589
594880
722839
567016
195795
374871
238781
986549
26445
805229
461266
552435
606652
806407
120607
29148
527966
627197
505127
814814
518598
137402
616121
973603
111036
161760
897142
904587
479250
168584
323936
336315
469508
698343
770010
495439
846347
590028
908482
228523
416638
916229
163047
972271
149797
20578
384617
846472
290204
411601
915436
167203
625953
522536
458168
155005
779450
282754
581425
66391
609670
141312
305261
740805
632990
114609
841527
589092
542375
652556
23136
135147
530999
23450
233852
205019
336225
238001
79936
639696
924959
409178
163382
325306
914907
494804
55258
27045
891546
407154
978197
226291
204229
190879
891923
504556
561173
493954
862339
103276
815067
646332
292138
540027
617770
267342
51301
886073
147426
280216
58233
564664
913881
221180
154392
288804
568167
779553
398963
421725
135630
966548
893046
648293
82564
907720
863589
547509
895455
593982
956817
876394
550172
578048
646454
941981
514956
356807
750132
158096
250204
894140
414504
707907
321471
425371
440807
420391
774970
328628
332183
709354
225804
252556
175593
200369
69815
600096
299894
552292
576751
914633
472885
726690
448734
884859
673111
465301
807634
607079
18559
973729
143684
798785
675937
913526
572614
414812
560246
119622
368584
235312
3993
19152
296710
389118
49537
544473
732626
125898
525468
334588
690937
110791
910020
551257
665813
355601
398496
357929
88367
510804
622938
412146
276046
901130
647672
34389
543200
270689
894042
174981
610820
64570
707727
352338
854066
937806
492883
531427
857672
509803
968297
894275
498290
662684
885393
588626
721844
723751
391207
220316
160663
