32
1000
508843
254114
823203
771058
364177
924993
660005
178588
66834
655296
157680
722623
8177
428621
160439
10619
753870
844402
891521
495771
889504
517020
493806
874225
534274
839814
795352
284046
259684
603015
354069
244638
219682
566900
440920
2014
634801
324403
149111
383804
198966
431005
822023
527626
910705
138319
824931
607965
791382
453390
878860
644936
503804
778900
422058
30384
157358
750971
585649
466636
876512
164229
669279
914556
611836
166342
462433
496898
810073
678446
566805
506593
295693
568951
153514
561617
399193
990247
940644
159131
158211
99394
6396
54999
277505
928656
843940
374144
851985
474886
136872
812337
778982
584532
506736
692927
69436
695754
95522
902258
707852
94504
461476
741920
232603
973184
220031
235368
130414
74762
570015
197960
462552
888388
575863
467740
696115
594628
184705
552756
904045
319324
498915
468048
70842
764392
341677
67258
131751
894646
996223
967232
612879
405139
318088
93197
58342
247598
226409
725027
486386
675756
680632
146104
208026
429255
516256
117226
976279
978019
397413
94431
261703
962031
269189
622717
475616
182260
445370
732611
800577
826493
792412
190914
10980
499171
782500
42108
265008
574900
706380
839639
677996
188608
79442
796158
70541
40831
132698
685397
683824
383970
714163
412630
640163
172149
198322
771725
221661
908397
502010
145004
901902
78804
42462
812492
461009
909902
571293
908033
613695
6790
493836
990488
814237
923515
533329
406959
329269
769441
324811
987698
171138
76917
280783
599790
921668
330080
733518
404947
731060
505799
217490
557899
792722
487981
83367
755185
967706
984070
488790
475375
28052
776345
822796
226105
64459
732240
399642
178656
153941
998367
467350
483412
59345
940431
507998
745401
108912
422246
692348
762212
337833
494645
341733
309362
474960
549054
928412
11077
204865
340671
325812
375900
239222
603359
977778
467214
949753
585652
926737
594659
595315
351471
793055
65103
252386
395941
756996
945420
318953
638074
292450
45139
326337
671148
297368
912438
603597
801145
537953
979741
592268
328750
54938
837083
753512
603662
687329
807340
145579
843867
129881
437709
530065
156036
954121
705464
479544
609578
290532
483195
68916
317968
860707
696372
613439
120736
156559
592427
13
348756
590683
116940
804670
291399
136429
21951
702253
27865
486205
464294
282725
575288
304470
542002
596276
781522
955066
866914
690007
506964
591139
603610
700308
790941
381987
455324
587367
438468
158764
496549
346964
326082
177068
700646
520091
861438
120657
865757
563466
669492
49642
280976
423020
953793
630957
670374
730527
472141
460437
186850
655748
559765
363108
524157
160527
916051
825478
742942
623037
94733
740182
932280
68646
627959
444217
325376
214632
96006
164968
955082
20419
717011
234636
360703
500675
286567
868034
258365
695576
604393
441214
23755
361025
347489
901579
908407
275815
873256
81648
143118
401222
269806
38703
729016
843334
34792
711975
997485
680232
28372
75993
387416
84443
562666
93319
931718
405679
218209
170232
119819
627873
823962
934425
795314
534804
472813
308926
739934
28577
945487
389381
245825
707973
55709
296091
144760
784761
505991
540440
991490
523551
156764
619206
738588
511256
186029
404031
633658
549170
369249
59188
182883
641087
222037
17546
595626
166017
121325
300254
658628
293441
935676
824681
717707
652350
741388
350143
412494
772419
449162
686962
340050
453202
350417
902995
396202
128700
76113
298392
614958
70866
216348
388505
122139
449462
907341
150837
88071
416458
589269
601490
468543
930506
320291
181441
956415
848054
563311
56767
282509
385191
706852
629015
503218
548099
561832
546341
164438
425292
15625
118647
535863
12114
955973
527692
439365
530825
68534
283518
775390
163701
455704
354811
337057
49922
456056
593647
783089
497008
310459
703934
269832
598379
420937
943853
187701
732408
701524
404640
38643
566540
501896
338302
415080
614647
642449
121456
54903
793085
366916
458697
545410
941637
624555
567616
681919
568235
359664
804376
38710
920496
107300
904608
315860
534993
647277
155926
476207
813365
90058
562791
414807
221119
128069
196690
382037
683076
695028
904554
831299
264022
884907
920506
463175
445631
76481
85187
37037
256202
318653
405152
185889
24954
953054
481547
285894
431390
880708
55544
877877
274748
621630
886431
403413
167659
19185
364119
723731
7677
679329
706462
25790
382680
986591
465269
453186
984358
556047
705000
286016
921762
879061
689387
527110
731667
922588
314720
233712
689878
297602
1654
401370
920659
603044
873131
545472
391250
614081
353649
386229
752806
654029
995247
773180
215943
119573
647710
228039
947198
772489
200276
809033
241081
664235
763614
166778
275710
705363
729669
51111
211068
941468
565043
418227
987517
755183
61744
214702
829752
214762
61573
770767
585476
562988
29505
497553
760358
528895
362009
525416
832779
281059
968810
546527
437329
217587
534427
720528
534207
224246
717662
498943
198742
77061
770133
614291
622719
824468
709009
840113
126179
750750
276533
370038
671450
741681
262073
674513
332667
944979
179787
140540
613202
714448
754575
910805
574831
29345
371463
317405
674779
108731
893006
394188
826214
971185
128127
698702
602588
905862
24307
912862
612630
827283
677094
895294
895148
83537
57467
783888
849352
699972
448470
848724
855637
694789
282023
98111
53783
652650
998919
734836
382357
280723
635002
891105
375217
940116
785108
168249
64152
441274
188025
166345
718548
504828
19965
661882
12478
255168
340970
998498
743953
883526
473631
476230
983387
226549
159381
379440
498317
970944
292029
440937
824433
911093
967045
369364
105466
307362
977850
476455
607031
798692
444424
638662
675938
878797
882076
334782
445717
989745
626858
448922
387868
214414
716426
893926
457829
90133
563838
660990
99860
103769
203983
155153
325491
874323
783892
252728
342023
497231
55508
545453
631166
657527
945411
973737
67140
874234
789545
128798
109428
43737
265696
904206
18091
598734
493244
773702
67129
879897
163013
56059
870193
947496
16031
381631
132704
253794
554443
696352
64410
653200
358086
362462
724527
843880
185167
473990
669565
775288
540742
270639
813023
682732
750640
479504
233859
502076
17495
685949
972314
461108
14542
242940
578728
289057
299795
977288
505275
665301
85261
524770
844344
908440
628084
304590
319377
586475
218383
908017
822866
616825
694233
915653
178011
379677
693757
661558
967528
328394
132929
345308
670796
5915
538431
866966
337853
685432
300877
110847
345992
729313
177854
522128
219813
599386
762562
613650
169573
157107
854888
200638
864136
180019
734468
326450
197291
911393
730540
491922
57054
580142
36252
942777
873876
128130
918457
179483
937907
752609
773043
871033
640076
877818
379395
685695
417764
196876
712852
533885
423473
448118
285054
681728
667296
882777
755181
571597
727379
798315
356064
969913
260008
286747
174925
11624
563316
982556
288930
171936
928336
351121
978983
200329
501641
760851
594496
569987
611259
631266
77518
730532
256248
999781
132532
864589
