32
1000
323428
955251
554129
495665
283032
867678
64614
473930
51408
897539
10903
307569
567083
645616
171454
618610
591066
834000
873041
785407
807549
577509
111253
635833
255593
605476
353521
953309
983051
59180
934429
405838
711462
260197
465273
538491
285944
493618
930554
915564
431290
370258
477567
702319
637767
695000
363010
675225
855636
439173
104746
632507
22749
461567
868413
751011
721953
799728
426034
562187
892227
386686
510244
410275
775314
552034
431459
715574
19490
599143
481061
893947
782361
80961
995994
648635
185990
547784
291293
566745
780203
291215
903750
740867
864795
681701
825436
567860
733246
743528
963176
778979
551410
298752
995236
709579
67788
334207
997331
717208
842236
685651
290666
597163
304078
294182
744620
858826
99085
288147
318035
711719
33026
707140
895146
820555
718938
647404
465144
490015
906725
805406
15382
129367
791227
26249
290594
608892
553721
970896
848396
987156
777833
291146
175629
869999
587584
843219
91320
795345
83072
976269
327913
862775
849726
988663
416601
489480
429246
135271
516436
46105
211898
460391
8705
875613
556290
512234
998752
803048
326525
243754
254163
997790
255565
298463
877779
759996
438865
865949
116163
87234
29828
148747
450913
275260
553858
750587
811353
311788
370283
398571
336948
838038
942816
369751
818797
863208
948586
89785
578660
908739
786491
727327
711852
679978
432268
827238
810367
979846
370213
889432
286545
278611
499195
47328
184065
583979
246643
971494
727276
247469
389317
567947
973916
923722
360380
294914
933598
184940
485657
118793
418482
928514
440919
143235
238171
4268
386506
33204
156821
904064
377889
266776
830310
356663
894346
612128
268813
744312
218356
410442
98455
124158
753328
412124
605457
441448
910001
136444
505048
11741
857522
767599
534860
231833
166007
16684
959779
651417
443179
909468
835289
514719
518888
995505
646789
128034
882902
974240
614919
230486
496170
582460
34718
585555
835728
102321
725462
152357
109283
676377
587614
462959
251225
655486
58808
795004
639612
762669
449929
899620
984851
642291
77712
299671
544991
659255
13940
923785
60353
261875
947317
749178
564601
328976
655301
611104
291529
42334
323376
322676
363896
92781
749494
486806
821298
319883
478969
82078
170380
721690
167569
437568
197286
870732
325629
197979
884970
45310
382453
603678
146672
553070
917723
890135
738756
816219
536143
446874
103039
996664
996897
491338
166033
144972
354273
67655
629729
962665
638803
929908
181387
43398
191679
106787
465224
984443
511588
916064
429356
754649
769741
889047
556040
494756
37307
546851
259247
63151
199425
689459
983190
88082
386607
446555
672021
65545
764326
959861
280906
537516
458443
557810
704604
388934
639831
471681
669661
907093
435274
807385
852681
357022
920767
962279
114219
584746
41435
405071
974495
609952
896607
166625
714802
642304
929053
251290
466277
639418
149256
813844
26065
18281
410468
901515
366372
742831
381980
318860
520905
336173
427122
155580
320038
349215
101457
492994
436479
152787
493694
332178
293752
487108
655725
552727
814775
516567
800944
477692
482408
87793
732426
279640
530010
688243
269410
817012
30855
396435
307667
951481
505713
566552
557600
53819
443687
364018
364613
898140
67623
37235
985512
441950
727517
455854
753006
264521
166922
13674
861675
359605
430784
491971
224305
51765
140041
446878
66121
928800
901799
975495
502912
478269
673975
672297
650328
556810
780591
796841
324512
930665
282566
411743
993310
1704
633267
98289
481448
124459
979725
606990
754258
186744
415953
636548
112129
342495
817154
751999
315870
897092
635115
770079
496871
897547
588544
788596
938975
10782
841635
715737
175078
83870
67266
242154
716771
302243
163037
466275
827357
238962
130981
440214
390121
747770
125952
843401
554622
263755
20393
513962
516708
878484
687733
10543
320075
77847
663664
784654
364472
754219
543654
189078
733082
389741
374653
573289
287227
723013
769151
292566
894802
95120
968182
383383
690421
916911
662384
741412
329259
768235
318883
592561
823455
823811
415657
576651
148785
697045
215596
102091
646823
316709
140445
282164
372097
385804
44573
798767
793642
668863
526271
695328
721674
101307
463077
249188
743929
740426
909702
994281
286477
884661
440658
893163
573716
67591
506412
521927
924445
881849
221974
820797
997233
504895
727403
569607
719839
90414
900613
760720
293173
825928
495230
863123
425419
84582
142100
983761
123321
215680
545254
996782
823720
28636
16475
418345
473158
689233
775138
998454
813971
969335
924179
439354
957657
182766
61621
898403
540600
597511
27289
963361
24863
387218
386851
880452
256727
879173
181672
279411
167097
635461
202995
561798
382784
640340
760418
467841
51065
584088
549806
676782
808663
936132
203848
562774
44195
808229
570078
437851
701200
163467
871292
936565
640620
179090
234832
952007
368435
871756
534086
867485
452606
75852
728914
444997
999705
865106
894540
244935
873266
535182
649012
435457
614892
851539
57111
592228
1555
500505
607883
176389
289322
462446
424980
909537
319201
790139
401321
185712
8739
506991
767312
364004
103883
867594
426598
540158
877942
626248
493947
291021
574387
798568
301722
611077
650711
96407
620966
322104
730542
674494
388255
123507
495244
817509
103108
889208
54081
888386
624275
421651
593130
913378
582572
377179
3172
309107
107091
264967
14108
126316
43220
614058
967618
205721
757697
870796
465052
573254
682903
702567
924727
42439
358783
23995
449720
600227
447088
310350
635024
220763
332081
587076
4430
940314
300540
520534
706446
879354
63487
231922
232527
387760
429628
677871
39203
394006
323535
325227
66623
747540
95504
411332
961906
633514
471438
646447
988787
540635
391676
443256
123666
833593
549032
515542
287889
766410
770598
269674
648140
594260
817099
946196
984915
25802
664021
248882
183960
972435
925864
747446
322563
516659
452275
558243
341220
278808
480625
165860
760256
820163
810124
340425
120908
262801
2652
357535
803320
402662
85196
691946
827874
444725
788381
533889
362667
256941
522181
423815
645671
782787
910831
868865
234094
73624
504934
264473
891407
597896
331212
734958
773476
525839
203524
704342
462913
174039
469040
422513
994310
864994
168212
536107
590164
978192
772121
751949
5084
623310
881134
63873
165779
612379
76425
977440
700162
49400
325579
825465
655545
934444
796610
920673
905252
305713
217672
548978
708917
841726
607496
226914
163521
208946
462753
711232
853415
380058
337379
159308
154794
723743
623094
24372
516832
682063
620953
945575
321604
100870
275720
264856
514214
211640
370359
460177
620098
65438
140604
527665
672109
627067
713033
260996
28587
168330
198614
92925
144478
280390
966301
602386
125465
405973
5439
78260
629779
291538
775300
691178
46135
326518
171136
53897
837976
416546
407761
947474
391938
669835
874820
505640
62444
262274
892759
608812
735049
721439
275545
751479
337213
60490
797550
181939
400365
449189
245487
314966
605999
403417
736878
421245
402913
127740
802646
509281
9109
389788
