32
1000
369560
550630
216883
266140
310604
410385
438050
639970
218409
237699
180964
583041
721592
778640
118320
82192
956921
828738
879963
720415
299445
833927
672119
24948
584943
794936
531990
951968
935608
67462
762028
25980
785698
142851
301394
887109
420300
582155
836007
337489
618973
139213
151889
452462
726156
986105
366113
246742
187163
367176
343765
672144
708579
983075
196022
840549
561931
156401
923106
246653
289234
355840
312676
661975
399308
931471
637311
257634
890474
231733
764106
242106
811569
733938
675829
727810
516365
116241
42025
283482
3775
400886
171534
541245
435313
491786
934182
776762
24746
947391
570134
843597
879324
976962
178629
25306
459675
758333
739613
684549
788520
444805
486703
851632
794540
730215
528883
269650
470784
429194
879405
74161
66985
784641
431018
468988
139361
192944
279849
345031
604432
409943
326423
374755
48986
905344
779635
859225
497681
998913
310929
970499
210187
102127
562042
954504
567759
815903
253104
116914
917417
465882
768911
711470
34525
852124
707342
960543
744952
102409
96869
581150
625922
83501
931401
135187
7439
125486
132435
56617
201268
665617
986303
220977
990935
610981
515279
731989
971744
52944
978191
493238
24076
488308
646388
71845
444000
487741
625118
536827
397050
146953
475133
923862
753538
129269
150927
120944
248384
899136
35335
130525
642056
109023
362441
649057
309776
28893
981010
8683
91362
210667
28533
373810
212908
685643
925952
713835
850037
889301
787581
287652
50154
639013
728340
530880
843095
588130
122958
400271
683569
22059
479604
783049
823887
829983
922454
407080
862009
230217
573479
393119
57177
740071
763078
870906
579279
338838
808792
425619
539808
286683
253200
740974
307598
501712
990352
519474
324162
477481
323305
108997
847846
622818
676671
27010
484431
340615
375880
768858
55256
432287
193587
730180
927754
588726
298661
114530
89527
300038
882462
130802
52390
122433
912954
953581
795304
535038
602900
677184
821641
436093
285765
844644
623202
16472
697674
569500
767755
750601
247043
371530
774383
699026
449112
280111
2296
852877
466166
853630
528360
365136
432375
861595
792841
57532
535904
146805
302397
687011
232708
933564
307503
593427
909637
815553
681450
838659
245178
715498
699016
755225
395052
324302
104322
902230
707963
791091
632487
172063
552030
650529
610664
59241
978376
672034
352016
864255
453797
465561
488976
980467
100099
563709
942776
52383
456206
192496
347778
561623
168052
304448
399305
414125
880231
860473
138135
78559
166529
782052
177243
862817
436097
344993
326585
282563
203379
618588
51900
169984
724654
733359
811687
477538
937015
472916
966057
112852
296131
764357
764718
61702
977690
493938
200722
880823
664087
339998
259312
309602
1996
719063
162329
958407
834946
431632
549153
852884
976286
648092
163987
349744
157407
879689
49156
736229
670979
213143
755909
494247
182281
476180
993330
666885
558354
929173
534311
890283
688417
377107
574738
964945
670593
951007
811812
405892
621446
903171
293409
392079
799659
971319
738712
818758
11738
396093
561580
468206
805771
146010
37904
495052
306180
976945
669521
772169
526014
596029
136461
164543
820648
769386
207425
402914
93573
924369
686272
652877
86256
392590
205376
592872
449792
572800
722383
244788
493574
980957
568419
655987
528051
853935
651086
504183
494359
794991
990032
836869
297668
903292
544518
576356
596561
937464
256257
165128
250746
222720
692850
489686
824613
781126
800641
476820
812607
977356
201532
807663
860357
49470
709292
838631
379871
599725
8132
900315
573862
392356
508275
80556
547526
703209
910873
329041
927359
362385
680917
112375
432837
950720
267453
568659
695880
170557
416423
836293
624526
734638
385700
960362
969147
563124
786509
791422
853363
616037
598581
499244
844950
363106
710782
397429
668010
90261
688007
698104
55063
468170
337475
858083
450443
844710
314341
956855
244862
288648
298807
282161
376463
225786
168586
73754
754637
822483
914696
537581
969555
992365
702117
225696
370123
608703
83380
165521
552211
654614
468502
985294
406844
338549
422797
888385
181679
727813
932334
235062
712234
742522
566965
926411
991976
24581
42098
582899
280799
350575
695458
655846
230307
646617
628569
882217
272232
977485
343514
594485
152228
997440
859529
550791
410259
689574
487863
914371
265748
822450
316637
532102
23089
672489
214437
703175
283004
809634
457953
180520
689748
354012
668318
338335
652487
221244
167955
658875
332561
44705
194996
582678
235075
733606
963236
796182
880383
898419
56135
329183
396832
694784
29045
203545
44470
384616
471050
841049
277870
667557
189338
897582
756945
889198
753986
489547
77155
384106
181722
740044
114347
774927
248902
629158
620115
272604
760812
938160
145829
902511
130943
897288
698485
703748
862010
511139
493982
220234
267305
424757
999844
914467
525665
165625
212793
377337
104720
764957
626395
53880
626031
70222
451674
390379
434196
91483
195831
505078
847715
765704
230312
187565
340645
679410
83897
631056
620145
332186
379020
502309
575750
624463
928641
922928
983739
962428
317745
922640
718093
396044
886099
30201
977880
896821
431105
507209
639905
661928
999893
783945
843664
606227
511469
547843
103611
124241
827471
168635
430172
451376
472613
267787
691301
465372
879785
467230
433770
259564
687452
626505
686781
889481
818159
613761
544216
275767
124229
59453
297970
156801
947728
941929
284596
693445
245912
582467
783813
781337
573210
619734
66434
784473
803533
913297
68425
461199
337984
8708
160052
553277
240607
959606
113636
865609
849556
598437
559411
419462
943753
556315
681291
975131
755212
407465
705749
391378
440716
251395
349897
344319
70784
555575
321188
249866
797479
724939
129976
526300
502698
950323
787421
409826
527645
744428
179141
516353
560036
704312
296557
654742
299570
414582
207856
935848
895405
971485
43190
271021
9390
396373
155657
766197
315684
652978
677896
153719
301719
903182
887604
849783
526090
994817
305895
865232
214843
293823
292389
38883
357380
480847
901707
412508
231203
402340
911012
718942
782103
717978
906331
10443
954145
674382
191306
155953
966122
323994
774577
59476
358915
275628
213698
211796
175750
890369
863000
388539
785756
447427
74312
237797
456921
585533
660176
154380
856577
412535
915821
201456
52846
409203
587144
180255
701833
456066
841680
779942
582261
755459
39331
203668
217228
184761
990309
483815
591681
632648
72499
248534
979813
960332
228210
37626
430405
467287
698369
683866
895280
962309
597901
946513
46038
198204
489410
819806
917131
751109
246047
360904
240299
191490
697698
526892
867608
547211
746083
734629
435359
832361
737981
993046
62713
658798
373350
327383
222637
556143
19552
263737
491795
571232
748360
489080
312115
214218
196556
480508
214667
451435
99450
932748
452527
462378
370419
669328
490315
859061
719230
69376
198468
859321
576505
168175
637757
980925
733162
35566
443126
374044
262579
379550
531470
250845
904868
938262
351529
57136
57643
445420
603116
764872
55654
123748
331429
919951
