32
1000
706585
606655
398540
26697
224603
245813
364766
986013
445139
144127
468370
251009
223092
768023
798114
244658
865236
83396
560389
764782
148192
337768
399340
746186
338864
835046
303143
588081
678966
666030
757160
713981
465935
101158
277216
648683
117244
940598
578118
602559
563562
892144
30646
92211
173
493019
64182
541
689675
957403
817363
321884
398453
650366
7082
597374
605073
40997
490754
144178
813554
634701
644247
831780
832297
137977
612850
878075
823669
62782
667507
382635
192661
831146
218801
831031
643007
758610
483896
533063
887337
49015
944113
271393
886212
438612
453855
932167
334728
850503
462725
864237
225770
343001
245158
375254
434667
89964
927716
84298
589642
648832
732042
445942
509082
355426
306597
568800
251374
916785
568653
597700
917168
214286
337217
942928
898001
514271
71344
727033
721690
901952
957332
377784
225953
328328
736249
15205
95064
126131
494748
740718
827584
544305
510574
731572
920635
81738
776440
235714
133694
911724
645976
864618
829029
197587
988969
152894
836512
931155
491969
59176
795851
134021
149779
603431
758172
930316
158645
992422
76341
62019
74877
860795
424794
226052
147012
727929
774972
540631
675596
177010
240692
6006
896254
297100
796811
677242
860492
455742
179446
550371
260405
775912
634847
215304
283623
336909
283998
106905
195326
720430
368775
908686
73962
274435
951900
255087
370927
873304
280867
907198
892871
18243
483795
929220
527650
606846
12200
527863
290637
720805
274902
943621
306160
967245
691993
851583
511794
472766
938283
863845
728375
270607
757263
574730
541001
617181
447947
225828
926484
212327
874482
62130
613899
322569
712799
732938
478185
978899
779006
786494
502610
874630
780548
245546
993240
819946
309311
810653
917977
921679
247815
392290
506885
965150
731092
44906
36861
486618
818282
411415
482071
272121
216495
273959
762302
527129
480157
355515
706934
775329
288274
573827
401086
419829
259460
56713
128974
823893
412179
857494
812992
194131
474807
787140
45963
466863
690648
64610
475114
697168
292733
938109
788251
63521
503388
597137
135811
318598
46287
220300
881582
573946
692072
333691
630581
184839
968795
361044
902777
712736
741914
407006
597067
679710
72318
22529
87342
878677
127520
850022
767988
473171
849416
590346
283716
916469
122173
989413
430141
157029
106107
347441
818613
218483
243587
576665
22427
784783
935948
715903
914874
338593
400791
119786
511582
141829
764512
958987
938257
438118
454384
722346
346302
616438
346000
792050
14967
858695
521176
563285
605010
108041
789285
400989
803502
40288
317672
327505
41363
411361
31323
652864
69560
862826
902288
182764
891294
260891
353314
254934
659353
574325
390028
898531
713454
350477
67544
989672
422232
410348
875183
524055
556133
117638
479823
994885
565438
254998
79452
142103
784259
268434
910349
932873
525716
233680
566471
565594
789677
974645
920967
597271
810729
141781
961464
107971
709863
720941
981796
342304
922762
889208
999367
470877
547610
464561
196799
803420
648392
530726
804448
279199
527502
787574
17509
783182
60917
561767
257089
929191
686512
546854
406163
418050
916198
663772
93879
882048
295117
189097
345656
395280
7538
582783
639332
573725
630165
524446
441593
381528
83888
633127
559355
56093
663000
103776
877863
570436
107261
200643
143681
444615
954124
557059
125130
61067
649203
941852
784974
218701
105988
265173
149913
413674
488179
496405
911818
825930
688953
907743
89919
404011
263899
725612
952560
260998
862725
180324
901528
102687
422800
437816
870797
427630
987619
880287
19121
205605
573429
903978
350785
305374
15792
334726
882442
732003
806321
419150
637884
139929
477228
811339
717655
65545
762605
909961
212610
233036
435641
324630
639162
236755
630931
629210
941543
785489
642842
653262
977675
419973
605072
269594
837651
329575
535029
459471
966160
796526
9554
598462
859455
355068
894033
743923
553220
317863
743817
258577
885494
31589
109400
320523
452307
500051
460777
42173
769876
246690
142102
968933
724764
939487
258727
453377
923914
118877
533495
18309
228013
740096
240759
798009
764695
382953
149644
530477
183882
947577
382676
636186
892560
822340
422662
853399
52967
279380
593911
240052
365464
984727
185
237367
525992
959782
836958
736880
987752
417586
516250
708347
493671
165965
541191
768018
698632
519570
625985
141452
84846
327667
454769
111286
109139
803613
895016
133581
654264
377034
473697
77205
752695
443042
352745
274968
295156
285391
985242
711550
730162
640028
90242
418822
566082
300616
905315
778719
131669
960365
271956
186597
353203
42312
194245
993531
820164
800357
134560
812545
794124
35752
106506
202866
407796
652089
690504
478301
940099
944589
772351
55038
447724
646030
468436
432313
42304
551783
845618
49906
844164
547501
595625
495115
101149
767149
64627
42619
860008
529230
912403
130055
900838
625315
825559
208160
462804
616784
675708
758938
787801
675861
619760
448068
278745
960316
811762
80616
899751
886427
241878
596448
872663
105607
158628
164243
315696
473813
733216
786763
400385
400526
821989
288756
982603
987310
530283
412788
509403
326873
233575
111969
216059
864283
691089
406371
680958
79514
412353
597096
338938
515803
20531
682493
704915
173229
347306
694160
730481
373557
343728
594431
4243
572951
938042
26972
91645
55999
404650
65920
587853
288649
307759
429192
298988
284115
130568
253169
366239
157660
878117
619916
108221
47641
798382
560798
883707
675604
900765
271190
615011
603393
156038
241195
458532
479839
380471
517074
814210
268167
241850
866649
775790
614165
309047
847843
142768
454832
310582
39424
983232
942839
93187
211880
437877
814601
192874
304405
761365
476785
330146
326650
157771
912941
902406
746211
644022
673625
623166
913002
116893
20157
953596
284179
994817
762608
293474
442117
267915
672551
411906
990182
224293
863389
630653
14801
423461
218913
743884
956150
48611
36599
192925
538319
283115
283116
929045
769211
347534
658106
60596
772409
833299
593747
980119
262978
998731
192013
866390
450242
263554
203947
45709
447733
680337
496068
6584
149403
665681
318675
953016
835927
193962
848858
127602
558506
94729
741747
766743
244422
627568
359092
770238
513490
696359
547454
237612
244026
834256
277603
619702
844335
422808
573809
142846
504386
603658
249183
419033
504472
712381
364947
319953
616715
73838
369934
227078
472158
40296
594677
290607
58650
442463
393533
179966
360905
338013
60337
966370
21966
228692
624099
105766
854047
552082
145901
884918
805025
484050
198754
230210
902367
855150
515095
725243
460262
316978
990215
754171
694143
415309
722983
374273
482633
544545
166343
349529
260979
121977
322977
665435
402004
868314
62914
115530
414759
375922
281106
484380
300902
49261
401282
482713
588353
695335
111376
581212
85051
521340
783354
261238
47522
588090
8253
682290
613865
989624
445576
640628
802339
976576
750146
895227
241758
21927
141429
944261
536858
181182
109013
424658
173221
882529
196017
675264
145364
999276
135797
492821
795808
