32
1000
974192
468328
200131
516792
196964
382521
385184
669949
562643
407195
183743
664136
755996
647679
491830
516598
623918
921505
69874
808393
838464
423230
411585
467812
81959
444258
101690
32946
785495
601439
894537
247079
519032
189594
395419
526878
107492
651455
285346
132194
339131
461076
981381
764361
272868
875051
68136
217785
646880
614065
142099
350926
684492
991972
720065
501268
203507
366626
630216
717167
761101
417308
937567
582490
951385
770921
189905
877516
275218
562167
864253
718646
966672
177692
905031
684905
810750
719755
650783
994837
205620
943394
470636
754029
238961
736479
666196
281510
677430
129587
447083
6173
545089
25071
101877
602584
336677
104667
123481
235365
835651
579749
842213
499678
788263
100919
952376
417102
668609
980769
80976
988078
46013
10933
922353
240136
409218
885746
394350
948285
526212
290072
917399
139170
591239
403035
952191
563652
897265
548978
921832
374156
447689
248206
43533
439934
690258
690344
154828
622363
285502
504051
821167
925415
489233
196785
284182
933317
513812
658850
11330
259070
219249
337558
884992
38432
891058
152996
351728
350531
78801
515891
205041
965095
826619
350581
447466
860857
523366
488116
348280
679156
566475
200453
738735
683300
980610
726745
315023
626246
615098
187569
586885
846156
763089
475826
904346
357821
122518
629198
869308
20600
46296
289250
994663
272216
282538
578591
380976
862387
777783
630943
141614
488637
416956
851993
52165
667467
226534
856432
238096
774001
826312
179173
428586
983692
622392
718893
868250
95451
656199
759262
409177
711432
998876
75907
48512
10885
809837
42254
471251
739986
639833
318253
217252
75098
816164
382901
83429
748349
315279
963387
808014
136361
458835
963074
242087
926625
671290
297678
60402
806688
160667
266199
230521
784726
946928
188633
124719
45841
534933
903496
838150
458935
851807
141857
992972
748848
393367
919004
525698
401824
491282
517886
400060
32466
914990
212234
114798
472176
589931
217303
636440
381294
810531
967933
124304
235783
856999
527721
204329
252384
845880
71760
497341
960456
469663
404481
517660
482145
699753
828242
902801
84504
684419
379964
961613
211279
682670
179267
450355
27805
160606
772301
660735
453611
995637
477909
12500
502783
226391
776055
414240
766165
298473
866987
937966
623209
391211
652623
826439
625554
212080
967772
740230
618120
921654
393403
665655
948870
461030
541872
562987
287242
688937
179764
891739
795130
567524
48609
188279
959841
476434
762055
6794
912470
687869
581084
558155
7549
167705
878159
915266
157479
933821
10301
895188
455637
362879
854973
426414
147034
322602
181206
837130
158302
612062
137680
704865
340094
234181
201703
462253
260817
357229
601500
588761
909638
478471
359591
660616
820585
847547
385223
756671
757764
277158
944313
951024
956450
768177
346055
986276
240495
71887
216759
63300
520763
362707
17573
862019
291613
393963
566507
596843
14068
138365
974524
341571
866441
366620
792528
789723
680336
423527
195001
934964
447182
26110
169877
901518
379796
40226
890460
995662
40041
673064
941465
208396
948614
2010
916918
706103
795386
52394
86832
868709
111726
262036
181481
523643
488195
685199
661916
726774
871767
246767
344747
740819
632743
998746
121172
415905
50766
296228
409218
598753
449644
874186
366144
558487
647906
330248
509384
816624
144889
374359
272633
631887
102498
880263
432104
931254
625880
875636
784013
761357
228961
240424
12126
532498
620788
503117
746234
328350
728181
949581
83323
946768
570460
769672
344046
132504
908019
27953
173087
221090
619582
704710
467213
558044
22772
272746
331772
190566
533996
481696
753514
202645
845651
981990
148249
360228
52250
197932
382603
708152
563308
222959
13452
962383
678813
206455
239337
952068
768542
758569
269502
838593
952684
577097
61101
132161
885706
181520
953899
975488
873315
530790
553524
454210
297425
519933
968735
20733
805691
524937
777612
638053
325848
900063
303993
221010
172819
579369
142964
327503
134151
39876
412971
544577
653993
518262
688799
505202
112261
509903
920119
507641
553185
18843
747377
106760
986622
157057
789939
374930
338876
898875
995136
704087
188061
796210
313222
246733
745826
502901
214227
189292
719569
920342
309096
565910
223896
95265
117478
151266
103883
970938
386725
629316
769674
299026
470820
914522
704574
484549
886746
899541
563522
403731
9131
30018
357918
114746
942262
23220
626606
257708
987979
50192
311713
260722
551034
464437
124317
241821
758790
652806
789824
100132
489849
511381
301506
24991
875217
789549
512758
735583
146456
763516
478703
475496
347153
88731
623231
424204
122894
624956
111771
211621
291167
209007
509082
722478
599141
287313
640860
572862
617924
519249
250696
603235
311350
934176
165357
30679
632765
326837
710474
585825
227889
974842
533673
894987
518775
607254
293861
553979
278738
841432
485069
597169
706771
225276
163873
74012
522284
567454
501881
716569
865763
68280
865733
748169
721698
399577
881775
699213
696491
667493
703197
560929
516584
568515
134866
799890
363168
634279
185716
627101
468934
856252
843368
1958
679788
413613
301337
523858
86037
359952
872408
183681
168423
758767
503582
542955
841663
554421
682220
915542
638623
23538
22867
636209
552514
963019
365968
39568
214288
381185
872015
978821
505197
304732
825872
477207
490732
27187
774567
986146
569826
965083
621341
450507
352469
168106
851253
277917
766546
543206
810377
410053
825501
442639
987217
730726
384707
161734
15685
549082
468876
480281
9051
794055
365837
935468
217322
293721
34713
362757
978287
856673
414615
563379
545260
801226
180335
872156
106734
115507
974623
835682
182824
104174
105450
299890
321723
458965
267567
868137
556951
615043
102871
696418
380155
16182
903272
813920
970776
185215
468023
267413
167252
139491
50490
693901
734698
580114
10491
584058
358830
429953
514473
722076
856558
428710
398601
545868
740724
875024
251401
282406
662761
62560
329013
88529
79572
7399
12035
901037
6271
337182
980424
370647
382714
149500
652878
808091
380665
686712
600509
32119
10520
63707
778421
930376
110591
807680
701566
132692
523873
827244
278167
328179
91678
301316
497195
428314
447241
513135
992161
239301
76227
444873
663890
783553
983494
565568
45974
183187
436222
768335
729463
645640
660625
111701
669319
394906
432512
304209
59470
163644
117157
854396
589659
626115
44572
5315
972475
781425
529023
959776
889416
160990
824969
935060
892568
556037
268764
92355
371287
264040
423965
982572
28655
594273
61693
393475
353443
114247
184531
144492
985531
286201
565733
274070
542810
799498
21830
422834
674091
698633
385945
311183
579962
358571
947699
126100
282847
84823
287199
890905
779477
528014
909243
260898
82600
988150
732415
2168
759565
193153
109086
338406
200843
874046
167556
230861
384599
657468
570048
934500
853759
85846
896188
520144
217404
173536
543591
780700
713706
214061
123379
617941
527571
229242
824954
142277
705639
529658
900987
672202
827656
490174
481219
661841
566978
772608
893415
