32
1000
57235
828
841351
94956
436271
735721
925776
1036
972779
661205
783908
630184
204451
717714
371599
190796
633191
96254
61982
785042
156863
389833
795771
11887
344480
155157
144682
397354
375209
469302
359839
49513
966682
29528
233977
472996
657682
324096
938591
678074
139650
732715
571446
967906
904116
950354
944956
678266
302962
495375
277956
992123
199124
19609
555662
471502
314346
646379
138306
229687
467393
910212
742089
8304
623126
138951
372680
398609
714645
968514
229306
524074
365836
747019
149609
168691
511921
952263
574857
289691
177740
245572
306673
824444
350658
815110
372983
493360
762048
164319
749798
732029
94528
650679
864159
358379
391739
403308
311625
403511
77547
813330
721270
220640
903740
626651
106196
653726
630734
113490
695628
337906
369769
100610
299130
649945
457214
882035
993674
432282
581846
974612
557867
345343
659034
800116
615475
429408
389502
33578
547919
316826
890186
18069
515237
461663
494790
921662
46216
929383
826689
279322
860247
784389
131902
441323
628850
823444
45628
835653
480538
17104
974049
5102
667941
841089
592130
673759
622746
724945
392273
371367
683695
406527
81252
86703
993436
460140
518942
646552
578267
818387
657148
55360
539839
440150
435838
837284
70446
538099
523439
835999
154365
321813
161555
562961
787302
414727
234989
828635
909736
223619
875946
806662
200316
761897
411117
175043
840431
786379
841080
214925
368288
949221
393011
107947
951832
319018
718877
559889
222849
43513
250124
570214
773701
62894
903138
504097
336644
744853
997710
900364
972977
474682
227836
485227
224266
364508
581274
536310
460978
272512
619400
246401
420780
787745
562716
907389
978742
525380
188175
468567
468096
233962
960135
662206
15239
840799
127041
113026
888915
210736
498330
335448
335369
40442
739323
260026
888814
14684
991647
395755
380089
732046
588675
53016
689042
476107
543401
982874
697389
876074
228104
11928
723838
603275
253779
898634
709208
642220
459428
82200
415654
624539
848837
506144
613828
53190
88859
112151
654651
881070
815280
479815
843863
876538
494811
30582
363815
795624
104590
685607
449681
703902
750652
20282
313167
537119
341797
496686
891722
639321
454911
718151
376977
474779
52035
139082
934006
249827
867857
266726
938885
422037
335360
490669
566050
883784
684166
598719
425534
838843
933632
881863
523829
264485
845152
998623
79112
70058
825072
769935
481330
478697
558407
181683
397033
331634
930951
61050
440818
120981
917071
261962
343265
962902
214084
784385
126316
843004
327799
627607
456747
903688
597299
670623
958895
292035
207526
439916
67388
463665
309802
123409
485092
285537
350830
438528
972417
214438
783557
971091
123342
439712
124107
196841
517794
30515
696816
314601
448843
204378
669666
446114
136387
416916
615963
514771
828946
256572
385220
991686
35583
634934
443332
93911
181684
543045
107882
276754
798765
88314
988275
882618
219164
551879
743992
931942
492765
572594
140535
943303
128849
170981
171388
754884
510553
308578
228651
945926
199601
737363
932461
610192
399782
438463
367221
752261
350390
301529
446446
583693
842882
937459
302083
977363
998514
882576
115466
567014
548069
123734
732302
82559
28755
546018
935671
186210
526914
768630
15960
231901
145953
432397
250389
731437
752901
478800
172719
954560
509821
844513
931246
624214
869524
771348
723881
874624
95138
335037
318581
224523
230799
85092
532008
441718
16614
587861
59017
285214
763857
487252
664790
937915
344759
447598
886576
717187
558830
580331
577255
184300
202527
971936
769118
62159
713717
371105
50459
763304
667905
840211
195309
208058
361070
983455
835962
850831
843356
320386
877540
974301
906907
760961
845656
130308
244357
509498
970355
514036
56
238294
185104
112684
256622
322139
398130
15837
40443
452446
285131
236653
109155
798805
573095
434007
604374
65995
799352
575087
645961
785708
625726
635139
518002
180544
591571
859550
357920
555765
689296
489382
680948
988948
132576
749797
126016
474454
680671
889380
849850
921616
33326
669683
747292
223049
73430
721734
515804
685100
830485
189114
622147
784920
890186
706613
486637
53973
658682
318442
69020
380002
385149
447740
124792
564650
473992
444794
691303
378005
56791
238153
986181
293178
70967
397407
416256
221873
639725
906091
347027
404422
276615
40403
298269
44875
959997
573269
224797
411141
192258
377743
658637
458182
625517
889369
486232
935387
311935
731664
139256
77467
687056
279214
359536
520928
318043
174101
19235
185810
395490
292075
645264
247838
463295
723550
583211
487430
717321
845832
609176
907091
603359
117102
164614
829349
927700
932899
893926
782379
472055
285642
819335
928557
621053
566648
687696
441606
344718
564216
541017
348016
992873
382760
615014
931256
378164
561856
251968
212176
97572
285043
732594
659907
783557
347886
142429
805123
7334
29309
361465
792734
856741
594381
662440
979663
537170
893708
950776
893361
857475
712428
119990
12302
291508
982087
435305
41110
355416
197853
796978
745131
286080
503096
271870
470745
301415
131312
742053
217123
97432
692747
204578
353464
88636
125308
543983
294149
828164
581836
333245
669028
914031
914518
372557
222706
691256
119980
594414
810174
757536
191192
774547
517276
967955
471933
664912
76634
100537
288475
71665
329674
373980
153521
699575
550206
571377
51132
790960
151378
356101
709086
976882
758627
732741
534682
424371
1950
115370
770556
892680
225587
304895
725462
355513
929191
732688
809124
67773
301769
695729
258513
426519
937596
419240
511570
280780
179763
552760
628145
600639
959484
102155
274468
122987
943027
969147
854491
644925
515095
811069
458073
397388
832313
271786
191546
18166
841744
695467
223443
441048
45354
256257
242998
353705
96573
209839
812116
724467
969244
474308
714429
537840
595909
936712
556420
516477
193175
815939
202878
605309
31008
186085
74217
967629
417877
428437
559784
379999
587483
527961
352492
514357
396865
801694
436847
98428
973201
273381
40026
577475
809020
290570
104391
41942
172274
251634
668832
879099
355091
955601
985062
222984
547391
946262
197582
411103
130889
816755
595974
688072
309963
869324
276373
363817
6099
186747
94496
722660
491131
820798
69064
219469
774039
238334
323313
914375
383623
680124
631326
62778
640427
787418
606968
613362
246326
883588
42734
563735
840604
206649
702645
931845
20005
212090
325296
769480
31587
780429
362476
285173
933376
14510
209730
686247
60849
928403
787296
913941
510919
842267
218849
657613
984548
187026
102359
742863
325962
383523
427819
33928
184975
65947
316764
163690
300013
521110
177699
414692
343798
385160
201975
661251
340708
245034
933996
512229
712974
952702
521335
299925
556983
563713
358220
894472
112065
409517
851688
108915
401087
582760
371755
451399
343400
465612
318237
343754
757926
811028
637841
636499
921166
366559
659558
358370
997035
59748
845802
13850
392819
362995
562906
933979
257691
603684
140485
551296
51654
976030
421903
770482
443353
795333
193616
249831
243242
145729
994844
490619
227350
