32
1000
431627
596321
46785
861844
66951
325643
255890
386361
410355
626767
900617
37876
350910
853105
655669
483747
401678
92613
592603
687723
664769
7105
213764
367837
870862
525757
628910
488708
55434
502985
940002
315405
506695
907563
165861
7507
653591
364915
346120
527815
473582
676221
287066
74041
812069
990595
982078
128581
157659
861532
453399
156508
236086
743509
901855
658286
899719
390187
353111
579505
866444
118946
329497
421777
622222
4676
963081
725684
994411
731385
239018
899944
698414
460416
372941
634668
199194
137352
844900
573208
949126
911597
751092
836265
932066
830546
104489
504877
824215
916439
731587
933575
806477
561591
834478
939360
2566
950977
538928
901611
512231
454897
274748
648850
644695
987819
70435
739586
898688
881043
324394
205072
413811
897483
77686
584838
361320
935562
58212
694478
464739
407893
584949
873530
631025
393565
551847
381294
866642
902134
51039
910315
79281
259311
546881
896952
772366
55250
471906
392879
955452
940793
797781
383649
807878
191883
214434
77479
658413
894482
88533
375302
641613
62714
920754
393342
276573
886185
467910
362479
101141
223733
862232
454889
537450
394438
478207
17294
690101
132938
208973
169830
817650
490574
199657
41087
326115
373248
618106
168703
952724
299902
631103
399112
383098
612058
685052
230150
997173
867501
251087
262104
950581
690004
120609
505304
355000
26764
173688
449865
274481
736934
679144
467228
816901
29350
142185
518495
113646
992638
177540
741955
844674
35234
31784
560008
587406
218440
514009
176007
172764
46526
4232
247451
15060
512423
677053
941869
455871
225107
135793
925659
212198
96122
528952
250053
191129
630997
22427
987251
266956
328794
113092
683878
860059
692946
932818
791738
167982
990552
351309
182068
916599
13296
522163
466222
879320
900417
983857
684764
218146
923313
371437
265466
314681
692123
70016
461524
842835
675567
283777
204081
461023
160679
277180
731933
591618
873442
117762
549010
685500
856351
32922
670018
870761
329559
665429
829060
16804
837494
683583
887960
96070
798008
730482
717209
386572
257309
369860
576702
443798
542088
148192
818444
631180
110010
15986
577436
687899
884389
811708
794500
208413
150704
384838
988773
219031
648134
533618
313425
841372
102043
728109
743127
574734
417725
184898
671788
350276
482194
726601
106871
504136
266356
339004
980984
732023
550310
13993
260182
594763
353393
374852
202565
300470
914143
542868
209233
502308
406547
140430
857673
484963
856387
253311
478730
68447
110868
953954
15591
793542
213649
916497
894642
140618
192967
921688
151466
34693
85951
666982
883905
209590
241112
647581
354184
949353
487937
497992
64313
618677
680145
888300
260129
239263
62275
500279
132648
151772
170449
341142
443262
485684
460587
341730
810788
907458
461524
520762
429780
181080
81370
307052
492494
91903
251376
492684
730369
171356
205801
765671
677970
44270
93139
28434
766475
272371
366510
328667
225635
930474
744968
580641
210918
636980
276022
303872
758145
744596
101553
334500
348076
965717
596746
701375
463284
782923
543627
636245
147748
295537
61804
829748
923151
787826
692911
920386
662141
427715
427480
940078
888176
999853
66060
944584
529489
708456
544709
341101
77244
988451
510640
362267
604197
587169
700900
690403
930277
616125
522238
91196
541669
283662
409501
161267
85093
631461
176567
924224
873130
428787
130070
677237
986306
706504
460403
147280
849461
415798
516333
625711
226314
180052
410470
880611
190834
659806
445371
230620
240789
538618
346397
944964
609720
951637
957393
979177
768008
556076
884544
346962
219014
2599
208763
869682
890126
448415
567568
690106
687621
381760
891457
327241
379358
92234
702439
360895
15050
47922
248419
544047
409338
136101
516860
278835
900882
743084
639002
265817
427243
387562
113758
152378
256133
925315
439004
533227
502920
729431
891190
987021
476021
884588
71254
264832
331310
364906
899271
472180
946206
558335
5617
541471
703046
956067
85167
771531
732389
116981
935887
811719
210243
725764
394021
274173
60379
248235
73228
854308
932963
899220
523386
332620
403897
222237
927295
328982
288555
293975
907162
976582
837923
873579
94008
97713
707950
132695
103242
147088
3175
291222
304194
96951
488388
28830
953193
110751
214652
86211
296096
142559
197012
418681
849649
232570
765445
368822
349585
741585
450188
64822
318516
422457
363982
958040
586509
953447
363301
342694
179105
208840
384075
116594
505095
718126
632226
562075
80190
623332
317661
233583
636970
150050
311759
39786
230765
92956
784206
50653
732894
601717
23683
819306
186025
501137
573521
155628
294467
920007
222048
481075
142152
168630
404613
921133
391602
168303
477584
371424
840248
681103
984817
473363
721729
662512
835207
863693
246979
141174
41415
630837
692285
269700
547653
101912
176525
299601
482210
178633
183982
325205
515795
700579
363602
627549
916553
837738
860888
646206
67778
768528
557226
911590
566700
1363
563574
104398
697905
378691
500935
901963
766499
27938
847743
69636
485510
623076
755251
282110
578932
886229
973219
180371
445937
720090
800981
368258
904972
232975
34060
636575
86702
258704
713578
412523
810562
674387
644127
383230
131265
860082
786637
741473
764248
861447
256250
764792
322425
467057
815281
520604
819387
954163
652533
170183
893743
914938
116003
249768
192448
70079
699555
650647
469894
398787
133706
387171
141287
307959
49872
264134
853034
717182
529769
548218
720474
147658
429314
384164
416851
486179
239257
850287
469804
817734
701945
814644
258496
708906
869329
946517
621595
758686
533040
672361
353662
294030
3232
124817
499856
896228
496988
401897
219041
784010
979566
449371
693403
738702
965226
272845
675463
303135
971713
12346
19321
891508
198722
872094
263642
329868
115763
273547
934480
167696
450120
215641
685836
894100
720702
519163
768559
750588
698967
517676
828313
426299
639346
696647
885456
246583
283142
140726
211594
917897
409211
434435
393432
774880
171365
594250
276527
703621
265629
806927
195795
994040
800958
218220
494690
477178
617913
833763
237370
560484
818838
651474
447304
788405
612104
522116
666158
292137
586347
655139
114512
824580
46364
514636
752444
87214
778293
575099
308723
293112
26467
704741
494680
229180
763110
932069
532084
835043
479973
5390
657060
85505
715116
559263
452896
660314
955843
229012
810024
722632
247468
646297
398412
445492
694392
830617
623705
321538
798342
549941
850075
690313
61849
306961
608532
563263
994517
199432
993015
260724
901270
194431
849825
57077
174253
767639
594517
33617
117496
317884
567346
605240
488285
274907
964148
944318
955555
48496
69795
811455
396909
141117
932379
924573
181459
256022
494521
468773
484702
176409
576671
269840
957536
938620
906661
195109
551278
191359
725980
375676
376572
102464
466304
254557
30547
910701
642553
807430
80817
142420
641422
265675
687549
750102
608551
719832
346405
592506
95933
25618
215190
507549
689312
411932
811927
553799
425892
597750
396931
408410
438185
43711
720225
589796
784454
