10
100
434478
549219
996759
164924
684341
777864
556301
611708
645677
505338
863477
690541
206545
322826
547396
763813
827878
531727
9659
40247
705477
853947
480441
509149
745655
866712
699690
819073
162937
571045
960221
228904
61854
371463
995252
652796
892628
151342
693812
661748
768766
445765
14012
984162
568001
443925
505683
792280
148059
235447
886426
513976
998893
397940
453856
882327
243737
686779
588756
619469
335942
343613
693461
717340
423296
953129
213606
686459
687165
804671
459901
438910
114426
855635
61754
373091
66884
35809
65397
36411
799123
942023
867056
512243
567825
855907
982124
772350
204344
463369
761111
245601
26201
360225
366562
112602
752824
643548
926321
789614
