10
100
663837
610416
613887
171093
932679
965605
754743
836855
592317
228334
870225
440454
227069
374651
87598
907630
615315
310582
651055
924720
694243
515461
375568
81079
289302
438891
280478
364744
130143
994958
680150
80662
476521
131795
200476
966773
672671
965989
105172
643559
840023
187989
639585
203987
729756
783964
643640
712147
632534
174523
451680
249708
174616
355075
489352
120601
154438
913009
511748
772480
590369
258225
861798
368070
264945
467715
75573
873790
529870
346107
833997
34684
212362
208866
418898
699016
618878
733115
421458
437486
117552
200096
343863
480883
57438
569418
145381
495202
346281
148398
908854
232772
995937
737157
532815
225581
872105
476901
327711
10419
