10
100
15274
885572
72959
693990
216358
476264
192543
519397
888654
191642
864312
465799
824293
77779
121471
517257
527832
709051
687923
908269
390720
22532
996775
450154
619653
140451
83838
356787
381148
523947
447926
18274
376304
410503
335963
849153
6047
777171
666459
105461
778267
263896
61306
169544
126705
524834
546396
661969
236070
80640
623103
564226
206141
581784
407052
571598
384790
987812
863682
38517
86960
685261
687250
845037
623759
349730
858378
126766
164985
708725
878569
98075
579098
486098
919633
252616
603975
42653
188634
88428
34207
650311
536258
805732
107150
778348
325635
48609
659691
581453
129341
19056
346305
177637
203603
681444
175467
920490
81746
348002
