10
100
613950
108527
265410
687335
73328
445571
643038
976021
876606
883058
915152
266110
736001
177999
751346
94901
977356
307106
327211
11521
767223
693359
994629
724080
36103
996176
229100
302533
484411
41343
938693
705484
171317
959600
171048
421263
121475
273435
883388
18145
476618
671639
658990
600727
986510
107298
98830
762583
676384
986557
59526
853384
967077
891764
464055
285993
968190
423356
245297
580797
506585
707764
434895
807012
82772
901518
946477
309190
164105
827655
381512
83496
544250
694226
38576
188896
230874
132691
353772
593573
218934
978822
468202
144704
689150
899840
44385
768671
336692
466830
158981
558664
448304
986490
342438
41003
432013
769324
257766
597840
