10
100
150966
286954
186407
857495
414476
482455
285852
303271
156394
577857
138746
16749
188229
826667
36367
944759
30357
53917
552559
852995
771452
633986
845477
503285
749136
509359
158037
160932
721991
397123
679343
64590
999230
350953
929490
75308
702950
104890
281147
590113
137035
129920
162856
487499
508738
620630
516237
263164
363375
838507
222130
678851
590384
598501
494439
981475
430442
320993
273829
163557
607598
281049
69955
960009
144071
160415
619089
527320
629474
860230
130773
58773
980122
946079
754592
244690
580128
827745
185227
278878
229700
52770
770771
429596
469282
6146
711950
451247
556011
213031
495305
764049
275983
975522
610625
613763
419268
931056
846330
941215
