10
100
632308
795848
419332
877332
747933
823211
321938
921705
903916
858287
101894
332580
588966
789255
601443
873035
526382
875329
383763
71960
258304
798585
198383
667256
46150
184622
845486
327279
438618
793969
215209
799640
253273
813689
789703
498378
685728
327124
261002
747031
140198
93624
802548
681646
484342
193656
367575
523296
455
934610
786424
974335
498873
372005
716959
313891
535918
539519
20862
681478
299971
69525
601276
346895
671850
391692
447836
267500
796070
454836
902159
628952
317281
514772
993746
136956
114605
139488
968069
198578
292885
665607
700938
36388
231200
963177
777686
940307
340898
533414
764055
790644
627710
710097
895426
274164
812411
317508
89080
544092
