10
100
610999
901082
137590
207513
759593
801977
412924
864304
901861
186746
9375
189125
344241
1099
993252
499495
450746
386982
898356
803613
562816
700918
766304
905562
777314
731732
323702
10383
20865
893034
996985
212251
398804
977656
830143
861982
703240
144245
858860
893035
970513
46029
954438
245467
134354
822281
701430
604222
181285
771469
546266
705005
369223
470650
179081
845243
942243
531508
117796
575562
114681
518333
70421
490105
470251
876672
915559
865019
125796
822186
404802
755715
74021
987251
247425
984219
638062
379
63922
702676
769669
797839
548905
405592
377062
819594
837761
744795
889415
296792
888241
622256
250310
292950
495302
391160
767537
260181
166146
83381
