10
100
824933
660761
786582
380504
765173
803684
893683
802510
562725
707508
729388
565676
626043
547440
678944
660195
437299
922621
671366
256762
852361
634713
899580
577342
505492
723607
298811
643718
824524
790775
3756
677218
472620
218913
22355
328160
346099
746110
834537
122490
562628
221492
637001
141855
107437
283964
89600
436828
869956
627809
124167
829031
692077
671831
943564
261000
768569
399605
948396
154533
30121
580688
616574
970792
144
488438
489417
925455
469846
451716
26453
782607
599257
294180
337439
279526
680941
369255
535718
717180
637124
851323
45090
891701
574633
188617
794388
245974
450150
538350
325496
427665
584262
371347
163672
372718
319157
182315
227130
687768
