10
100
820882
514279
796145
892764
440681
235428
666000
915488
692349
577641
384255
101911
755345
143206
607721
245208
421338
608672
51272
378728
112642
716176
686198
698282
503177
241114
429919
649569
901766
242984
227800
841443
10124
409251
46152
937949
115047
482574
859332
490429
236614
905983
653625
162560
703026
529466
576962
842200
461052
721451
555994
358777
183158
978240
842283
320000
895639
192225
487621
542208
86146
735949
248810
305835
836512
190994
944838
164762
50601
915176
264316
986361
206850
941995
517723
734098
664001
319668
253679
645044
4172
728403
435572
246080
635423
926570
10150
968143
309868
456553
120436
53955
1564
701345
678290
647401
979572
327879
176237
151240
