10
100
976081
632467
77520
188593
111197
549845
626426
799838
226922
338218
264860
967257
610159
587385
718755
690367
836414
93412
730134
283288
932202
222058
939151
333381
337811
561196
331479
476950
741200
506381
806109
690360
579639
430066
542803
347979
484427
810088
243046
141330
459715
51365
968855
726724
938739
364391
33211
950015
750489
556409
126347
716252
622087
228116
263977
693469
691816
829410
638384
967811
961136
583902
343670
526268
266020
960599
557985
567994
591683
102738
640355
673631
942736
642895
988307
454676
50877
284836
466985
812729
717493
954310
144470
98039
207750
572583
509822
161713
879914
897593
745491
216152
203889
127888
135503
421981
454604
621477
134797
534722
