22
500
258114
584787
793158
720125
43488
556433
777028
3932
20147
697665
477503
773412
950941
667661
634692
381885
561600
419447
984376
89805
436949
664682
15938
923738
914477
11115
628630
75143
359618
726958
826015
518907
66873
384901
489289
996895
75511
555187
573288
894149
540381
373407
681416
57510
23393
169828
531858
401924
75338
319813
265751
143982
946248
336510
899132
703586
642093
55029
593794
389068
259660
48016
177521
565613
128429
775776
715105
258263
625898
202554
753573
722516
497193
453991
723156
97703
196725
102961
683317
737002
552699
924126
549830
642198
954911
492729
666537
97441
961209
703883
46508
777666
847792
580137
371828
140496
924080
305127
504197
859464
592651
42
52911
950125
399466
794523
171288
937098
418413
557496
791843
280211
643047
79236
93883
424554
636015
371871
470398
89853
202212
914800
611272
600524
17665
610366
483354
659208
650649
689694
756135
961687
812527
632263
345659
16757
221108
35393
425096
576884
879581
153212
990223
740324
709537
658109
514471
959565
786444
830579
77805
563929
688835
346344
884617
190927
32725
120531
625112
938682
629305
360330
274043
231336
503722
946900
324988
371150
897948
276253
45144
107081
593305
232643
845805
528895
700221
49869
953601
693412
52426
826619
870252
155864
622441
449912
241060
694254
296126
570604
842147
286280
685414
299758
916471
372830
771664
408919
483429
3485
874805
602033
342715
106284
17077
415119
967281
748553
115791
486390
746427
587282
245693
665273
851630
449888
116330
382178
317900
882766
486673
560780
321518
77399
692147
195342
892813
524189
625397
90962
678444
287302
157139
719171
191974
437761
912197
638820
347984
148199
469869
300094
103434
970172
237369
267314
661223
222740
958363
865964
528246
401170
482466
368824
751853
654540
314037
851822
9521
969802
246380
654345
548101
545645
543691
509270
231820
700077
345436
145224
115196
499515
780520
600040
196065
965317
909777
749417
758667
512216
909135
257690
867350
825055
905285
169908
581204
133065
685375
566227
739737
297737
996811
898946
930018
573815
265585
692975
257762
557716
796816
16957
212203
718378
358102
10040
707765
297490
235035
993444
97551
317007
408347
243118
328927
280920
616206
360644
875415
659252
870310
533824
661943
357885
98596
852735
614072
951750
290072
796817
421724
889753
376947
527241
420944
178649
402314
112499
17402
288390
927914
11813
905573
22495
718610
674286
483974
395426
381009
500204
9387
411503
355901
928826
205695
533835
51853
815749
261884
18687
612500
844736
850797
171360
863066
173550
735647
836266
281113
634140
586468
585734
643729
850801
567811
523243
444744
420253
251327
224480
323298
675759
155074
119264
163352
983427
282726
528150
240408
74520
431137
29895
114809
385280
295946
607951
164762
941104
724236
709251
37078
690295
625830
47734
332261
224524
420316
522391
555922
522560
699902
511543
194580
681234
471570
939561
90316
29025
290528
748802
244122
505532
930203
714048
510364
79957
846823
247431
575685
734229
593547
906374
641045
352841
482613
8441
71290
784953
875748
593159
266947
717337
820662
958475
784893
202137
542862
720432
604076
313751
386849
372533
436328
201972
793950
12688
789905
823492
160183
197935
102128
70239
373137
658905
54955
342101
626756
665779
670629
573566
877583
417247
422384
909294
552283
891007
313903
970312
550378
589271
251341
167722
169372
460304
608212
832902
393630
932889
753835
745360
787119
725544
512175
39315
704784
901023
394796
878879
135688
203273
