22
500
669131
633298
653366
433
818023
891086
965048
201485
832585
295869
349455
122689
968470
246572
899135
123781
327178
483609
590420
270104
158254
848638
233200
416853
547306
518141
729315
832303
166386
833385
185011
626441
372828
312494
663355
666101
635602
225119
378223
537734
612067
748698
907965
585107
247732
992922
961743
135499
343763
636377
552237
141360
899564
889440
693056
666866
865812
739180
832625
352873
844355
72511
799152
700845
419039
416768
496017
869013
81843
637647
976848
771467
430462
670313
79541
53897
134888
41717
129491
351154
855247
48809
203178
361935
82560
930844
239084
551588
382914
264296
344861
678638
21388
601083
549395
393916
260438
184059
718045
511271
846988
912467
833664
458352
463839
579679
557724
236148
571702
55728
485550
922510
776003
107260
982895
654793
888048
84709
271705
552128
198135
509668
333321
515093
254737
125330
875583
586954
2630
407443
59779
81983
624739
640031
956643
329544
345738
999598
557719
759914
817635
118464
772165
72243
835184
208710
846879
919731
500863
281968
544810
598362
734072
458900
505562
226672
877654
809783
132826
370155
595123
606396
936615
390768
359547
272999
982300
630697
263491
805004
853832
264703
303218
738904
674235
128372
203613
250363
414176
516064
1777
801841
532292
212295
747977
545644
741493
212243
264160
684256
827973
2738
42144
12010
436462
27854
55065
535326
199951
796005
738765
693291
980053
108422
963688
517869
189429
907495
887501
353167
877205
822693
44299
803483
94538
242904
251310
758112
463292
604434
797810
517951
820454
511029
153107
206098
423866
266798
16383
573880
328609
68306
637933
805953
950048
367187
990919
956211
284502
901215
689347
561079
702946
399125
548752
242147
768481
646884
595435
53221
912021
747202
678736
582408
771425
91462
861966
992486
241008
112035
653427
881835
108470
905154
866663
341441
395023
516987
65621
120861
899779
844079
353924
61670
318251
874820
148548
42493
677741
762750
694211
410861
811106
807927
147263
169009
73625
635195
20822
340444
427253
756354
201785
29993
710449
978122
359743
31903
286404
957265
491478
969056
494559
52012
863188
62351
200980
988551
39275
16156
746192
81786
281915
328622
387465
422468
316866
446252
578611
443174
729710
207463
584619
314014
70099
751655
894903
761854
657016
62096
625445
700009
227788
334192
6095
207658
399926
253352
53376
323377
292554
840245
433521
545067
177239
825819
426668
958397
70877
849581
92114
742684
755100
368763
261816
865676
490439
639192
988395
912562
421720
204998
717652
769944
922173
831489
833143
269054
976688
213733
766805
675287
827428
649276
159730
468135
426011
502440
907761
974710
986772
582057
928411
878001
870114
126156
435134
262622
926040
357681
191410
654522
832353
46775
897783
933746
390828
196358
298490
505082
635332
534968
436022
666508
559101
15077
95031
279168
606602
41993
450107
717956
840556
614868
134705
171705
832517
23631
73315
791851
683915
921190
573295
890602
596824
879382
257904
107657
418973
157043
136061
72499
442679
338518
811975
25189
107098
311203
795302
982923
693929
285619
241773
782139
687784
478562
160057
9160
866185
376886
299273
600452
317538
937066
528967
935254
774720
715223
505893
545075
139669
805374
875235
137980
442316
609076
156973
978932
131709
948970
784672
568989
86140
168344
616429
321390
975628
939654
874198
691762
584113
973111
21334
431807
783459
10994
341085
389778
705503
387694
598073
702532
281879
789209
249744
737963
566025
307333
669194
347408
