22
500
586916
470554
89025
710814
564840
936266
722499
536691
24099
888099
293587
437905
620367
725755
880001
232697
503255
286273
855101
23266
129373
76800
850927
939085
424552
742084
380723
697846
119145
706199
48052
13926
919784
70884
210852
380774
521616
269053
784981
786254
610579
560632
120439
257467
310139
975284
761710
873310
415503
825913
626959
288753
148574
682174
686392
667590
158186
136068
475081
828152
119604
228703
189251
378114
546337
776724
31035
926190
430918
973918
238522
828773
62805
57931
859956
295845
748259
898244
336292
367634
965013
629545
272704
467235
803047
639898
260574
22525
874456
679891
348771
599645
117557
566511
676003
400110
145601
77453
674587
667514
905342
379984
694982
675069
97371
462592
943391
352533
812090
152718
57332
130902
859293
994292
384164
694971
756332
978491
26357
918711
432613
494550
433556
521449
763616
598508
381610
934829
713214
259763
392983
892494
7406
470136
799629
911834
228891
289275
511628
322063
872374
366262
88693
433201
26203
429182
902030
317885
38562
895619
808657
673143
396549
239026
187825
674720
781929
449593
103082
38788
422219
383914
517635
719151
132104
193337
77347
109632
859016
16159
102157
151445
548809
303137
153786
280806
928196
336043
757074
179694
635901
142102
430022
174211
54892
207817
429133
796615
361219
813051
860216
699575
731548
392150
449780
375328
905665
257655
449500
188786
921239
118610
386233
67885
77351
875379
494423
847480
740426
948191
771524
393744
228721
397785
943208
847005
933199
285248
882172
767073
191971
347414
593384
764169
196581
476635
363197
185702
195148
106200
941260
386869
470458
346871
90465
563866
129157
360911
517535
335276
971043
432254
922169
529705
362481
577327
957835
91146
991008
334844
356947
945906
760765
922349
583631
324288
174555
317917
394291
459011
166942
890109
157703
216781
697511
858802
772379
168864
790295
563610
453352
385286
363586
960364
700101
120445
989362
225981
992258
96462
245589
674399
593317
781886
643588
291876
591614
333278
552176
844544
94057
148157
70571
787981
884960
477374
306704
145703
780410
880324
862289
565943
963076
721673
339675
331022
250427
296334
638824
714471
435875
647533
662304
338959
866566
50122
638061
714720
300620
163688
15258
248744
851060
345112
424230
544361
525549
254667
63595
845882
296787
446665
486950
5323
463689
672698
43939
494918
288495
190690
409862
138320
151104
626218
340855
815022
161227
132505
410987
518341
609228
396386
307852
908794
576295
999638
540101
583608
560640
524666
960491
318607
270521
793203
575691
910329
49417
630686
125452
727545
214325
890876
108545
16285
554990
666570
549902
955106
622280
442799
435763
962934
64530
615759
967994
280024
293654
87293
902329
761052
879214
615949
650309
622154
80449
300102
366899
609702
130329
519799
121420
255819
552610
775009
207244
562417
405890
507729
122967
454733
58255
607377
961465
696279
145009
305652
118360
627111
188502
968528
401145
205881
264971
535497
79915
186832
637438
223239
16723
37686
634893
300873
832085
367968
943754
779859
851037
953456
37070
466499
55559
640597
336182
528962
304497
959502
814783
882197
733530
594187
332922
615315
903287
219572
586604
376305
195602
473859
634884
516153
736159
373772
511417
189722
75869
108253
656704
87064
300261
6336
328103
509796
594387
984669
181265
787782
73806
867324
796686
794678
380405
263401
901782
159691
162215
364144
694883
202699
76975
361928
656616
631393
445195
398924
48177
239532
337623
905892
5656
354995
