22
500
882900
444308
913607
581721
514285
842221
151042
309900
198296
107803
937894
124278
827463
216154
986671
905101
912455
688197
852305
748287
650302
16625
424137
600029
927955
178982
119566
591975
673836
978683
925031
442928
841298
611277
743382
460590
434930
692315
309362
648800
659709
182017
737234
221020
171566
196239
611173
356020
822699
856390
367711
613700
590405
918319
306254
279451
164826
522967
330379
834244
651162
363626
392523
992368
180774
285419
250965
617089
6292
583373
482702
609653
651535
188849
48560
797869
774812
333181
941081
649242
381623
952725
888384
391811
750236
902841
894850
425076
232417
143675
591322
482759
175232
498203
40368
683080
953523
558209
226952
853767
283064
898005
540891
336767
173492
241022
457795
901214
882356
128310
227471
602545
951758
669831
730742
507246
491878
50021
908585
111581
505100
185702
437633
608227
691971
608738
86744
515052
754717
621667
658163
676532
745153
188617
250396
17587
216655
268093
465999
637667
108890
166864
110410
920175
528660
144943
331271
905145
358024
376133
682246
413640
775424
178221
639939
696589
466246
808722
860680
347600
307848
256038
826203
596092
315477
105147
530647
814019
64067
495809
940568
802927
373299
405085
926928
476743
900077
102626
482807
582746
514277
57390
569823
686571
506335
258020
847397
978744
835182
901121
154371
624681
887896
870237
855299
256274
80469
124288
282702
186021
962742
73759
869411
56951
324323
50546
26787
465005
448445
486579
629384
131971
699682
423924
372598
208248
358414
411741
51882
210202
921502
383170
774351
606057
167536
738781
451247
444267
422439
854701
656006
676300
105099
658538
323443
648879
711629
613987
27208
534869
312744
511670
935680
656232
41762
818923
207056
283877
995569
511854
902486
387749
130491
755240
66030
9670
999286
726073
89636
796922
567215
758164
436547
250796
498150
530742
787468
688266
91285
521668
9986
567347
840849
721408
62178
927167
92362
228263
587121
901349
551277
920875
971885
883341
754152
744776
120741
807027
457165
756229
846117
199668
412816
864970
454857
805945
44011
380056
52210
384317
182305
546408
755671
668668
590558
112804
518707
555834
597181
873404
207836
463916
209764
372967
742196
416903
875338
474551
21560
397092
396057
319318
741366
38093
708015
872546
919195
460647
57214
75107
507434
929531
622994
668325
854729
250275
948147
652215
305462
698189
420704
927614
779862
687919
611260
972854
157166
60807
150149
807623
287979
384141
335998
174080
146331
854713
675439
787378
899390
982314
26051
421547
94327
318650
541903
270606
404829
165467
648434
825868
197807
258669
302935
842625
81764
832544
404887
406701
410207
50561
635580
87565
163137
734115
282400
988949
767577
342059
402805
950157
317622
932215
810718
617477
109918
262955
783289
830390
3351
611802
846976
195831
285858
366414
287877
249560
710279
356277
494811
270303
651595
529064
979091
924573
361535
633048
289444
375787
209267
610135
129636
604230
893639
493953
987379
115333
572641
654341
627063
428339
391418
541076
708225
925261
477971
94884
467470
855833
917574
709153
499434
191009
545975
293297
489903
89419
12137
593186
671980
247446
500781
437363
400225
330931
695029
504892
759846
664765
119814
993914
97834
720599
942220
318715
513113
760033
520647
3170
266455
596182
564707
649816
420202
452485
749030
311055
186676
773418
61955
359284
862493
986281
880843
697777
595727
544550
223683
654364
919067
278339
786384
435775
768441
664055
670031
341700
798956
110472
433281
659069
