22
500
506125
279817
773172
844443
363104
413147
579647
809325
239890
830330
875060
384968
250209
628223
325212
413144
785663
931948
528660
107266
321917
459722
244684
321681
15829
352433
981403
848327
65108
234278
435772
437461
546594
788894
306025
631015
425136
666529
62994
139734
449468
442570
253050
907457
158788
736683
71919
982326
454725
62733
643940
240521
483246
852564
806892
273671
642726
322497
607957
995141
832055
386898
974879
28753
776469
805764
797144
496330
885583
610104
387157
254924
619281
335796
881294
557443
285011
536896
688407
856545
693410
973936
28471
424618
436489
2818
974951
715116
577692
500125
103785
866701
753312
926842
4929
467388
326874
933726
73108
448458
930291
807493
516764
143121
486340
546843
795974
468114
557636
157987
741801
792605
275723
659515
325666
82857
837122
87734
92304
411076
804458
424809
980521
872292
230149
862018
867319
581019
890532
543185
472819
866537
87822
562667
697788
112875
958602
592867
871028
75122
818058
112505
311096
962287
338612
648207
543801
834697
849741
431638
515580
753489
773636
368712
648618
651597
466073
593166
89428
806641
751912
202561
934536
296620
343638
474253
543496
737949
745751
465842
124717
1510
472537
777700
920216
134553
901264
930387
61008
447824
237215
115973
451965
391129
261920
433822
730496
300877
211920
861377
961517
308290
71066
216401
645158
609878
217982
216657
251477
378860
264350
267817
151237
576947
474725
957322
99550
647842
934164
830312
30715
925376
310251
883302
863978
241695
435056
480912
722495
620713
195806
941377
38165
526802
169901
299941
215586
937965
378874
936985
438838
251803
362964
483503
419216
831197
929379
945613
357405
103563
909044
631029
118670
986526
159076
462623
314260
824103
608617
697538
623547
159842
463416
978994
175264
616037
752022
975331
901969
519795
702463
395147
624831
8814
485164
213734
80802
958376
411909
318995
459818
267930
833187
497499
156765
518701
458112
861586
328722
299958
794302
612311
651016
313279
501265
639798
746275
696704
445129
555244
771269
874541
966591
458122
749893
512489
652508
275186
163983
935320
909121
131838
440408
858514
26262
185089
775611
521267
454642
243557
732405
155343
394980
486579
54074
634755
172188
352882
590258
578406
342393
946278
494483
271583
762800
631737
374812
474768
721878
130168
340907
610736
606602
807220
49403
891959
668929
628041
823102
988146
497775
771579
470995
10038
750671
832252
79652
203441
950159
767690
171871
233884
899099
425269
51471
624780
368581
881214
981718
355688
626318
617243
497673
719541
231892
529880
769192
498189
643031
568023
761720
765551
300457
971768
470463
263279
218802
856083
323356
335822
581789
969506
211520
257828
246499
268092
30733
651002
674546
776636
922505
224308
824825
191808
978239
145963
146195
268749
948914
197657
143565
906064
335487
414062
225430
678080
916942
285183
203522
317535
945524
737374
399995
358942
854505
143300
991748
449504
938913
903915
908331
737879
370953
650681
768331
869387
48031
13718
89979
367097
407470
743198
647639
349272
379173
947698
787880
365686
58387
862953
137523
992961
723202
999396
97051
257378
114093
862848
304243
482884
974430
653796
707748
924595
536745
690809
960184
613471
515326
926841
226177
696831
155567
941281
524392
813650
733631
126400
796501
614784
40931
290866
27384
4320
352792
19302
698867
627347
337248
45210
37092
559949
490714
93545
343506
709300
850493
762
229043
491488
637745
201114
222807
315011
135242
423396
649077
768866
721633
207261
