22
500
382814
819168
2555
173433
24675
787453
568200
293794
580408
470380
865606
283886
911213
448895
28269
53916
989001
428615
200670
693772
95315
621979
416506
981131
147132
20791
45085
849484
821676
133184
443131
855736
788071
799845
822677
892892
716252
447842
281367
775041
841482
789342
162897
654041
302479
521653
188496
890965
824015
158352
57624
901140
123069
63535
931201
272885
325129
43400
581483
289549
911462
579337
32224
526196
78647
560570
455172
767994
548309
264254
283579
623223
688575
331064
718231
857920
372191
185163
224636
756406
783605
835065
338195
559928
607842
8557
447399
682040
110227
90004
632863
556267
914312
607973
998424
946714
283712
485954
606431
508950
47299
273270
301384
297353
743820
261150
634862
869479
902672
791333
167175
77122
149039
894248
346658
709757
598390
153528
407360
332824
512591
482173
994253
787115
911238
275895
190713
765230
202040
958304
960951
982133
219930
145134
25810
402489
751971
476980
768487
292944
719703
909992
677827
147455
800817
316287
199257
752806
117101
457013
512352
799833
768175
310825
185031
89743
875923
788260
240150
446260
721298
909754
706275
831577
424781
229001
637165
302475
636538
156511
556248
327489
462120
507000
540421
431279
204848
249828
54093
677751
468282
303047
560411
626559
924905
859194
136931
843165
966180
270736
805187
245551
484866
246643
965236
322568
549265
237228
34924
724997
695171
327361
93844
971197
186870
778616
321569
710102
871775
90874
923026
56565
10130
560019
376452
739853
759152
106326
190389
756313
234349
585181
184723
770852
517180
855278
295616
763589
750106
761466
96293
93865
414516
772863
842864
271561
394742
736781
982571
8314
841970
981477
69050
810722
590056
989436
962097
462536
182584
183712
370000
745925
80225
570930
262748
419671
163893
578065
64410
281173
113627
395095
58091
500796
228096
56509
553535
815271
538716
221722
79351
913501
709085
84296
51099
364741
25458
550183
868660
970996
561077
657723
484680
440999
57525
394993
369776
370444
925151
254655
987607
140410
846857
654761
894609
339010
24476
367007
366741
133725
822171
894404
782809
804740
603860
440265
837961
601823
280545
987256
306211
965397
7643
536269
474226
22914
292061
524094
672100
483399
701808
249820
479178
803899
904792
220817
498668
543614
983994
285513
33351
962286
28776
172654
363301
214323
749195
987659
700439
559670
655916
865042
894032
72303
587423
232057
195041
241178
998732
576702
216204
238475
385691
464588
100168
634457
599419
682550
564305
108278
714832
216864
894568
964319
191287
467261
70382
842734
844662
98866
911001
477453
92421
852377
147152
107077
980339
282786
288745
346612
864951
862293
566397
484829
830100
383155
431460
950745
161255
249466
985234
45164
783056
514054
463245
727219
193915
459860
640202
59897
767562
540194
901539
230120
585889
968499
735096
101404
88525
897134
620767
971219
696402
931430
293833
390913
778831
733877
79346
465024
380752
130881
536708
784677
960240
684960
249865
608750
311721
229848
910731
59671
456250
236799
810379
917643
748851
629825
862234
543416
134112
839424
801814
89019
412880
100502
313476
108027
528257
408053
424903
204626
5993
5488
262459
404005
414115
553939
705841
567956
618165
357676
672199
147789
979194
911597
676706
874299
901360
75881
387659
481052
54624
623740
115811
988977
142950
118088
105156
634446
613340
254425
120630
430033
416487
904490
890315
328175
35037
858497
927832
813674
780626
328117
886992
3167
113342
209168
867646
29115
