22
500
626779
360253
633591
714352
730950
275045
411731
701499
910929
20696
742025
972703
937797
110544
990741
910075
492653
473510
849804
414089
513122
272272
549996
442416
686962
591819
616479
754998
58797
494292
120141
950931
702027
224527
429530
751712
94461
294027
782915
71726
10639
670429
499600
880244
905974
996457
183863
165472
634876
432575
371085
169486
652997
586721
961577
501270
408124
649443
675223
570112
860127
278443
951670
893523
490917
135256
419055
492427
230088
327807
547794
544872
507570
301905
269198
168547
852104
27416
808269
354364
66253
821472
589546
217390
738293
540146
986384
721476
25927
737084
330480
684933
658285
636364
548510
796683
132443
406715
80521
569906
932442
658470
34261
209643
848432
956504
775703
316528
286766
661060
410284
411154
552534
105645
550710
776750
981862
895144
85749
266302
349061
182073
70589
121035
727305
29019
790745
394240
681635
332828
621501
29787
61416
913892
437152
155836
36540
359126
516350
593696
751197
133902
602664
69927
255433
561099
294406
683729
243021
864038
919019
415303
514156
781056
174483
603734
226920
499579
942012
101686
925232
781343
560221
937864
977957
666012
450119
988959
834506
594671
105367
644214
863177
889117
667285
796031
253916
594716
889005
933403
291550
316689
167048
217957
273583
227572
663173
363048
587005
735696
48793
951665
851254
126695
651520
225600
428039
69171
523422
509272
249039
238534
878775
456566
504741
159699
248455
546462
8514
437701
713792
526160
619725
448333
787102
829786
952642
733753
833256
93063
388413
576320
817605
680117
867113
74074
604791
358404
845568
509260
391353
689514
588733
519425
181041
748068
769638
932500
591250
617223
92271
241387
502354
615349
995149
747389
506434
436331
654425
816883
859535
458678
358108
835692
711891
123141
606205
207707
597401
659738
979588
423756
62060
849755
640458
936196
460954
865797
699775
453189
903178
737728
799320
258736
372471
606797
143379
554117
616456
663387
232168
181958
692238
80889
605966
22843
402905
477094
613862
881294
96439
425285
195144
969046
724170
967405
549545
37809
983941
553308
585190
693833
260867
605003
438319
813754
747844
206748
105939
402890
456516
189552
58339
285462
310778
200277
230598
345550
276778
673180
974617
577943
508647
307401
163840
924047
952297
315172
687758
75565
774
201069
151117
779653
672785
828460
150698
421995
266316
94630
244480
340848
263690
492204
12159
446088
272102
269965
264952
191564
164761
680683
851529
416026
589628
391531
809824
22874
862043
299590
355885
203996
885554
995389
857640
476509
556167
314473
315644
117225
63587
224112
920335
677338
163118
952404
682095
702078
393574
259493
990938
796182
423996
55511
613993
26427
648523
575598
481947
360284
727414
914901
408698
201186
311836
485647
53740
990388
115258
28805
996249
478230
461662
396157
303859
127980
687876
871211
950310
797277
370703
855458
44766
968851
561573
639395
165040
320990
675495
641366
512166
324280
416908
11990
132778
254115
816281
664487
662157
23855
355775
649795
488757
927192
163601
166033
440929
356811
210464
746807
177626
168521
209268
889414
473081
6117
143722
282388
504271
83303
552101
694184
116
183251
677554
313485
275631
165315
498556
400905
751359
980977
164200
83048
912964
15633
402062
153137
351117
494811
452885
495738
737727
807014
657706
695255
547102
532784
895453
101550
424891
770810
315288
131174
434874
520400
982908
498622
549695
657255
625113
419002
318197
494622
88714
546743
905722
792615
750764
331936
