22
500
8096
572057
644348
833052
417357
4664
789135
189987
118392
737997
730273
496330
429821
947100
137166
700738
214755
379654
968291
614973
999789
211058
787329
603172
569231
433946
249114
128178
499710
27375
473433
258347
231392
901738
118302
36349
816291
40241
916583
345713
61034
708194
873162
376142
27745
631230
593950
679051
996529
30709
27706
115630
789071
998026
209685
989893
685615
940514
908429
26624
261335
320687
36419
588073
510094
126515
141027
623106
831859
280564
733953
755962
922153
621819
544927
490123
810288
719880
709259
50355
936207
624597
647781
553100
12269
861893
512318
597642
691392
389161
533276
867217
200156
322799
81307
390257
823661
164776
703662
493695
811008
118324
302210
298385
60923
37965
360771
678357
808365
287660
430263
816270
627008
300763
436937
413613
525707
657752
531745
709896
154500
257827
454510
954361
895315
612325
793669
192214
556289
753533
565411
296392
646927
114920
603278
422794
826979
468299
508890
680576
215454
400160
169800
356657
909065
689915
196297
14115
963245
544568
449056
932050
530497
13891
206885
425868
47870
901636
896229
812268
491087
18917
56039
96305
219492
915329
832970
943354
740710
673002
592458
629600
36741
201111
985825
59440
700972
961641
169930
397251
768406
856088
835680
559484
430650
70526
490917
799454
841250
975936
311776
621383
430810
210901
274717
124621
905475
605172
857048
963572
833671
487518
434228
122505
243495
200773
744998
293213
812464
161880
111407
301473
683532
735788
955206
818523
339316
857352
706643
647747
939459
89997
360984
953084
605222
853504
41515
277682
416688
349878
506846
774028
694730
150875
3839
898766
887047
605470
143034
497167
480022
98428
39325
595281
954129
441192
4596
401986
489714
452884
128147
71310
439716
727903
557106
403487
803127
26523
696178
500146
420462
57785
168830
203031
578227
550356
660557
579781
5419
717526
356355
384855
432675
32651
547511
335655
506601
510336
291344
524806
221688
233175
199048
267477
881099
16683
386514
377731
840082
677210
518744
245027
226434
259955
984797
423656
930439
516797
2370
15360
973205
860002
354276
428811
229788
370167
287842
94391
357530
630313
768252
659770
981514
827525
952407
995306
338426
274019
849629
526524
587258
383600
742721
556183
739312
79319
993184
926292
330889
36236
612291
691605
389386
437237
973313
8063
514564
641397
851137
686613
996326
269845
889694
244274
738285
992273
904419
391075
375926
275261
340533
781918
983155
729554
510224
809443
223228
318425
946409
202286
368317
930419
345587
196694
81358
3843
233790
123909
55904
546488
944569
552724
417682
497594
439960
263427
689507
628144
236049
72338
733314
785324
352384
544830
606466
713204
452394
690651
135849
669230
356766
723915
513256
100839
546935
878872
810404
953152
738687
458484
353139
322805
97966
444426
160098
244363
297552
673344
285171
944598
997508
232780
904356
162724
521504
242864
617322
185353
858930
119763
839485
139592
930914
668158
278092
78107
357555
947887
191506
246816
347496
968861
931008
529632
281091
411337
157722
136572
360872
86334
475614
702326
855393
640101
833374
810265
431867
105287
325103
772230
178573
575391
316538
503709
585752
224219
537264
232964
821450
252271
118362
214807
579485
274902
550350
188140
337244
993575
369341
610113
704198
74256
441386
504645
124299
304561
20597
599744
372723
922775
673685
475359
853982
267283
827365
936544
434662
971895
36821
358038
147040
114540
17217
396569
161154
98995
337950
567502
524062
780342
