22
500
845067
262222
667706
77449
898922
137849
783827
589115
527937
992987
532338
370878
89909
360542
46707
668332
192500
960247
424097
317093
181572
130508
862225
615312
2997
618369
930156
364270
190005
710238
109387
152988
864386
540766
627643
541925
89850
917719
831967
399617
162638
649409
255029
418351
534741
723812
560689
524714
391485
209314
33093
351051
983068
799454
56386
193338
325860
16456
386392
232210
945909
978439
941241
697425
647309
523713
474844
780344
377818
982538
458462
786309
807280
959270
773698
867339
160150
878973
956377
215787
853755
998298
640125
392113
461382
35999
105655
517645
430539
943689
272769
294828
527001
557724
493605
914482
224624
872043
868484
219990
275088
952646
742642
908571
544300
40960
855295
991783
379710
901659
927505
937858
641652
308498
470764
911404
892552
235331
364948
930074
305517
411128
407562
41167
649893
15377
51185
211860
308463
231759
277588
902228
690526
820607
993601
566998
512709
657537
378317
197911
932175
364532
386491
821635
747819
233344
234104
60624
713700
876159
969277
727479
502670
664584
724247
895312
697244
944218
404867
70026
763983
168994
172723
89092
973001
117737
216941
254026
4352
427613
229651
36655
346574
811642
545341
372547
862948
236565
60802
798129
67743
652741
606678
310584
394483
516334
521421
98564
385539
618475
263742
832936
206739
477592
793026
184250
745685
123513
341916
225484
415647
135050
793971
34754
280830
224035
904954
43861
205540
72008
469168
429219
238844
644619
85955
224688
445087
130206
12688
634045
922590
864633
864709
789891
82047
372068
66920
168012
508934
336418
336304
589615
887848
101306
64977
439206
966309
120291
855061
782541
319022
492427
708646
80441
498433
592900
499560
154163
818710
256587
369283
99088
429297
281527
357950
715502
451800
405883
42759
510221
99487
536727
48975
31495
606559
460385
603922
911213
976837
393580
51764
577088
185606
554514
262151
777417
358320
181540
213993
325142
322076
757290
193483
685457
785728
675416
30220
217150
99745
954960
603971
982736
722021
208846
103708
456809
502342
659957
767129
551725
38243
718259
732730
880002
921969
909139
595000
587494
234382
974239
422634
894700
749622
227503
804875
107348
610638
680786
532947
409734
475038
328408
497921
15211
615004
490171
259066
852776
610595
348712
780811
843768
358595
464045
64715
195749
791665
7936
579036
464035
33695
356329
977040
650121
209831
809485
571879
186285
894240
275993
333687
110490
437907
346375
361829
401392
59976
446800
983055
584793
701689
391790
535820
991780
737320
506765
396043
27007
184908
746061
359576
992021
54119
66870
976893
276418
10995
136057
670597
703919
731706
902879
786843
197583
810885
741329
997010
97781
90540
875778
526526
230351
119436
788797
778751
145027
391255
899526
221278
371940
594950
217520
86863
900689
938153
317499
893142
450282
855134
498535
561863
107952
448288
30297
845989
939704
764855
961065
443948
307404
93837
597702
80555
110303
987937
883399
441224
116138
43221
407758
920039
194215
431009
292187
351974
412073
873834
403371
580607
404182
9581
111754
189969
387843
152213
223484
330040
267434
428909
180676
149080
754058
79024
465167
563385
710235
979579
344704
496332
787501
80355
453721
789772
378652
860515
821762
291008
585522
333550
998969
823773
415001
623203
570839
317832
319995
548383
690043
92664
204920
982188
879765
187130
143555
354582
704977
360526
701082
967774
309405
306095
659936
654856
859481
303600
175960
4239
151067
557250
720128
