22
500
543838
444309
546365
2952
691175
948983
104838
106548
138394
554830
929695
805194
56528
974516
624131
2818
169752
795061
746515
175282
553557
286473
812415
937748
133186
322670
212958
47152
757718
76322
665950
364646
516611
305082
109141
799322
147736
855266
984502
877116
177286
203570
722783
422386
567615
656040
482446
767781
494202
150856
966644
437669
495251
30285
586978
159482
279696
395082
135840
801224
229951
246370
74013
851550
421242
99360
383808
147611
811341
549364
260572
804221
267310
632971
528003
478471
509866
499146
937841
651982
117473
451238
921193
508257
68648
209762
465950
189075
656204
236838
423303
747943
111542
301369
291285
898134
122794
926811
426113
483071
830761
264898
863358
597228
997687
502575
988622
978172
738743
925291
436657
9843
603762
806307
399864
890842
541494
633885
307703
249940
302427
315798
776472
917631
501409
51450
338508
584643
397557
349951
557021
881274
529874
940063
907040
240700
435141
738288
34438
959494
912777
825441
715089
156358
979216
714643
703779
282885
854819
618449
842033
977841
726880
543150
888983
836102
807523
496442
587654
885721
838400
971168
489176
124737
245996
915551
979588
809762
471931
800099
131309
182295
618179
605504
396565
158331
368160
180490
610606
6932
719249
926803
40145
181533
363584
555458
720200
441199
990943
366284
140741
73867
304494
587474
729654
970758
766809
942551
995568
287890
277629
704796
856904
999140
847627
497114
136513
27335
528261
501596
395679
775805
344358
604150
205850
764173
617886
557221
456110
346862
943739
634181
528847
977294
395619
533993
393274
264191
140414
177242
608359
220159
439856
865647
871515
575394
869380
966790
311065
670686
764836
312924
356600
10099
732165
374927
954960
416501
374047
400365
278350
311
670298
129848
924072
801302
209220
892601
70186
963999
18559
648893
381486
368926
790520
39920
731433
775236
65041
63381
704098
825908
64225
268320
328447
456746
472849
129968
752376
765128
255463
158828
722796
154047
151583
929273
737106
287702
834613
503765
326024
302170
372992
67283
453959
688610
371960
354995
450232
364222
994136
674589
418079
204156
737119
494394
800565
458006
817200
42160
304661
580027
601369
554552
878988
329080
209008
909981
727763
52227
129945
908947
419864
470884
195941
521969
932024
270209
670357
729740
714
459524
41788
140018
136085
551723
379074
264128
958561
390699
55045
412128
222891
404418
359705
878563
662770
560280
789616
729975
919342
710929
170901
63493
171104
991090
606418
364266
323972
703021
825522
439887
630180
714954
293217
126119
123974
567668
628399
279172
942342
853982
203123
116631
893822
505488
761868
83586
511521
616594
348995
390427
91367
570099
400396
816576
847906
380406
38764
137682
668656
242586
238772
595024
501897
753669
925931
53904
681848
706828
306634
302683
349479
994658
97056
8998
72275
469530
586582
84329
570846
437978
655501
542174
625219
785054
97187
357848
466212
829478
706197
272830
190719
624766
157182
210530
182591
917416
345086
174082
204847
159079
3574
335450
601801
64682
727343
856867
714541
699668
49050
163884
271149
727076
306674
604884
764613
467974
61822
914785
463144
883317
179314
477953
198581
522507
74165
838298
521544
681702
352894
711312
824045
942905
397719
724307
524592
181612
946756
493601
729232
688817
246525
973343
461074
110437
954390
113680
425201
780958
941631
285935
748274
778263
755944
246767
509142
550645
171837
47117
728553
387509
93903
204942
9528
626165
988562
683035
723615
190427
